6.262580370937330 1.145967659158448 3.759558382559555
-22.355636049941467 9.202583215629137 -6.536570353585077
16.177642369789702 12.167502440630184 -16.890346737602094
19.033992874396620 -3.177366053233868 8.900005688373042
-22.331523430298834 14.899044422157552 -10.758958338615951
8.729589583517235 2.633501395324565 -18.883901724529789
-1.549621960920689 -14.780161281959371 20.835337314321833
11.255970853101005 -21.111998639833978 2.629034795234412
-15.916523232099287 8.346204726096733 -8.168452618534163
26.314793482115434 -12.479301319328318 23.075564643885940
-9.913195464255391 -10.907437373659043 -14.041125042723939
14.511746713562301 -7.433352251185982 6.878708959622617
-6.540792855355052 6.611623500632477 2.660261102219727
5.660503331570439 -26.161925489323476 -11.364136907251595
25.033971687551741 5.808168667251755 -15.336368697714130
-12.602119201739773 10.221881166881911 3.838551453216161
8.451667715550201 4.499694307239415 8.045853553952622
-8.559615748501152 7.416188497450088 -11.005088806605739
-15.140829774268672 -11.585492359761995 15.811276694218531
23.398375220620395 13.803882247061265 22.955847696791082
15.709568634962325 -24.993510445262160 6.825130128710843
-17.265163689920776 7.437768663274207 13.212645374428448
15.036987659844174 -12.227898254608824 -21.392902779824208
5.865586187148830 -4.848029861277464 13.194869278535508
25.796750381643022 -20.023964084182381 -5.645448904558988
11.471850935746923 -10.947020072779814 3.898681440245955
-2.527722800781980 10.060544711850321 -13.071628186073170
12.703273779167425 -9.365167197988075 1.560110106977270
-5.677988077974261 -6.912764900027855 -12.909999685591044
-9.115171774679162 9.123180494389374 10.283588033582371
-19.102612550577561 21.172360747875427 -4.221964434337211
3.380729806192752 15.926461219799542 -7.615457174865922
7.005529534998741 4.110814147481261 8.314953385713945
3.004126430678288 10.665525618018400 -10.354835410816122
13.293138721734014 -14.423704182364570 11.471658674878018
14.129807617362527 -22.046520070458470 -16.542587707359036
17.860082369296546 -9.174467887482482 -1.441076639867805
4.395367050738606 5.156345906963939 20.242936416328043
-15.608552529726991 8.543513302636105 -19.531612142410214
13.854503538648379 -5.128388088936839 -13.960193265465804
5.233360916620883 -15.468893258145975 -9.747857612488968
-9.764575045670121 -16.417112012477510 -10.913954111089062
-18.140207443136962 -24.168014029847178 -19.849634572634450
-11.608243474774925 23.225316460185990 -1.381806517589640
-3.187240320456757 -22.897021346840290 -2.406366009540661
-4.691906502240876 -7.320851786289503 10.668609429303553
1.284336331590543 -9.108945999954379 17.205994725650882
23.639245473027614 -12.623328615274126 -15.734362431718459
-17.122183006866592 -6.457280907512409 7.005570443662650
-14.607190651724524 -11.667157109397465 12.179421122442772
18.410613541721240 0.589911852012714 -7.697430886711937
10.657682042333153 8.391949382356039 4.261533601564144
18.181463973743476 22.600916831653848 13.528351246054019
-15.999390191134975 -24.014474483847657 -12.093285359445723
-7.734023384286577 -4.631304249501454 4.674704939487622
-14.943558540066777 -8.853352142443207 -15.534070499121125
-8.176808631134502 -10.710364597269800 3.403543045582206
10.925241463488566 0.154800847040922 -24.563320697735737
21.305863745140492 3.542212141606802 -14.460155451206644
-18.344917307001133 -16.387733052644535 -10.629074280113940
-16.210372094919848 9.288119454282212 13.469021492584069
9.128093799086550 -7.418264716873681 15.697117804025037
13.873213966881007 12.084073925944011 2.464552911004293
16.095280283917326 3.947680178355824 14.573150701593489
-22.834032361502597 18.991886078633531 23.303834907945578
18.462371104626055 2.522419456712430 17.686149638807997
10.711585977416734 5.150096946242794 -30.503280523982749
-7.910018424809720 1.161006568384013 -3.739054073928845
-10.428160152992968 18.552016455026834 -12.866696529769422
28.958602604692523 11.392869124246159 -29.937592415764286
11.456244116313840 6.964766778471371 -5.617641585565211
15.032189944222102 -12.605503601727111 12.673247346416407
-9.041232429056405 12.045839126685561 4.670076208912564
12.148005936999198 -12.157130709585328 -3.304203779679952
-8.541505807506262 -19.962598288028911 9.231414660031231
-3.131387810996209 -11.234049264946757 14.743296230087553
17.190075303574975 6.345103078707471 -18.346091402736569
-5.626480475712536 0.999276153690101 -10.287009036367712
9.532296950165614 -11.289982060651624 -6.725785688953295
-12.753741433466866 2.801014821559607 2.467897469166586
-12.211973871749914 -7.764856932108939 -17.501412917452303
-11.702858034990550 -9.869501920602479 12.245896595615177
9.014196075784973 7.796004533823041 9.211157628074490
11.821928200114124 -8.432260944409881 26.768694129398405
3.361744974098144 24.692831114823672 11.472355043256398
-7.338078065865572 -5.924475116824053 -17.945524538000921
-3.551597846368404 -26.044490297624900 8.195636682908983
-2.542340326570736 -14.068289679486078 10.079193387194492
6.699320499599504 16.234690566376628 -5.630722689041159
5.012875704107862 12.852208986124646 5.746134398467206
-3.073708950285464 -11.950749216886440 -6.505293808915042
-13.678549846896756 12.709031805819365 -4.704621358953831
-7.171639451482482 2.370387535894430 2.704396160346870
-14.285088421904716 5.200115241863847 -3.350093171618893
10.501610178973067 9.656275153090764 15.403110851830176
-15.172892650142522 10.743736984021249 -3.896208660544322
-3.827575918263203 8.094006192756998 -16.548768855578608
-9.647863849345825 5.191496662423839 5.871372800432690
-12.455684975925267 15.398450505069270 9.949829925429983
-13.816533562285839 0.440149745979939 23.464559618012629
23.070515824840264 -14.758123926096209 -5.303160520537567
14.437914860997033 -6.080344969641047 -4.509856628637307
-6.542257078647958 2.166808492383914 2.036937537075867
-9.902529160900130 13.344180928996824 16.277895719541956
-7.529336770892091 -12.809728625916787 6.939632256776790
12.883427802844455 6.847886718691929 6.458858703039954
-17.828548058833196 -9.912419555396459 23.849402764925557
4.178058075439048 -10.923504488387742 2.189358432960437
-12.258250111446776 3.922664266600127 -14.284974713932515
12.435921947039128 -9.331756542581317 11.015909338434515
11.345995424412536 5.520975919604277 -11.902011847217617
-16.539372794798883 -14.971346626971620 -2.272156157147972
-20.078534476171406 12.127581633244466 -5.588061634353860
15.150266564641806 -9.879760508815977 6.994406724020100
19.314967083148776 17.700447996731089 9.190029671319841
5.920201381506682 -12.978467298425484 9.341156441297064
-7.681207718424541 -7.188285338659459 8.037062185984034
16.748323347080134 -8.812673258691982 -23.187179262599809
-15.065086689174224 -6.993713683589743 -7.764096354624501
-10.300321140373830 -9.921163419638573 9.507415100768000
-14.031512195373553 -10.489567446704530 -6.953770238721496
11.520217975101859 14.353765069748457 -11.138020975072344
10.810604298282319 -0.425225069475408 -13.766793218693815
-20.032499415234852 11.503465325503511 8.103932977593260
-8.329345620834266 -10.730829244215451 7.423545674692036
8.041027939488663 16.036561919157514 -4.862577582262084
-15.419305795522650 1.636512086871079 -12.610194289364173
9.282377814338918 7.299380990939586 7.324601253778258
12.858349852785052 -29.058961373985145 1.368026044320303
-1.185770907023571 -10.985449778340664 10.120582505958309
5.674273427384617 5.029278449994401 -11.889017834241528
-14.127262373184360 -19.587409820384110 -7.188146514597014
10.753897685535962 7.258103813096273 -3.597046677780763
15.054842390581651 -16.434151855520277 7.016759966791678
19.554317016114801 -6.746077110946782 -12.516772040514878
-13.654052186558825 -4.806697981173144 -4.810696087992712
12.917890879579218 -6.229462760115366 17.771361684877547
3.873666090722559 7.350011683501004 -1.089102026863536
30.724793633631478 7.500025104299599 -5.903384959755318
-4.464364487127648 -16.684204160741320 9.171392349589375
-24.651913442631074 -6.989359819806261 6.471635621623777
-15.991471851093664 -11.668507778782418 12.677445077649235
-4.518318752124537 6.044708911636477 -27.557159581564807
9.034240692134098 -16.401334656851539 -6.244955635516993
8.095439112979880 7.813829330897081 -19.353304507871222
9.431765288579857 24.795098494643877 13.248250153228103
-9.717426764865012 10.100171110457330 11.237338140880047
10.503855505191009 3.970639143189084 11.454057482415697
-18.253991219577120 -9.018727352706906 -15.316400432993888
17.855362024865421 -7.720763754250793 -13.371768480196565
18.075744083653394 12.499609785086335 -0.662242554032244
-3.990741847169335 12.321741890909673 6.498164569195138
-8.165118725669496 6.324522970086337 11.054265664680466
-8.706856635118726 20.851643942355828 -27.224222126896802
8.887573538285409 2.609185744550168 27.134025584696573
10.027947463705225 -17.208852606111268 -3.261128699664284
17.511100750246925 13.755346538717641 15.877473466946377
-18.845029025255112 -13.561956623168184 -18.957653785047363
19.441585887126546 -16.699774395287996 -9.715068816813977
26.068650519533389 12.792473152369526 6.136691131287259
-13.693600840961823 -17.680895930888081 -12.950442398277595
-4.024546376474984 -15.695030655288400 11.982703775157743
-2.914833752592788 -7.097066393873230 -6.243669134243389
13.061572192322529 8.795835627806646 -4.235597252719446
-9.943490539823488 -13.244424161262598 10.670928894968998
8.161452057473317 -21.440214951277039 -17.036266242801922
10.571995074890689 -24.445606158735728 -10.587540863221061
2.565269203743395 -13.434907764693845 1.797044948172613
-7.265843468223087 -11.128853165679089 3.864231222732199
-8.066553647417923 13.513739376674907 7.715447988273924
3.377330761364917 -14.436847729058821 15.293710441066521
10.743565934088826 -10.366445932255814 6.742123164489648
-15.187530599425207 -6.101684072116243 -9.917938180211900
5.079636354097987 9.931662789051787 4.391469854058801
-17.276162833245042 9.798319807052529 -4.062782606296725
9.425335938152696 20.511865306404395 11.205602596642491
-16.176370420948583 7.420745827160818 -1.269162409308385
-28.956042441212439 -13.203499521459014 4.370052317644216
-12.474808605466496 -12.053952533359812 -18.002023409510464
-20.119304389236284 19.384346878334629 -14.271238122866457
7.974885158012032 -16.760885779248056 9.876099478956746
-19.636329288221646 -20.558426316609427 6.797198268462202
-14.127222287741127 -19.099981425249112 17.792160758866160
16.306032324678807 -4.987294972852883 -9.152128946286682
23.929052886081536 19.199376753348602 11.133171529438387
9.683296886142772 3.294653629201084 -11.392994432929685
-6.555509259606948 -7.624372404342115 6.433213589501626
12.347394018384554 10.340917163403839 -22.987794422037361
-15.513005800624468 3.641669602371856 -4.028850426395056
-8.871195834945482 11.339831247923424 -4.389686998497121
28.972481863322610 -15.050245654146165 -5.635210113057147
5.219612527071291 -7.356155783537628 8.678142911987656
3.939802660399909 8.939497940823260 -5.826784976081964
-9.346119336098319 3.900636170248009 -25.433622468242934
8.609052955962094 7.270727846565361 16.073224252965119
14.476226270864714 -20.936065138839400 -14.652875637953922
-8.451960389894932 16.647465633716333 -6.864347638910031
6.587851457972266 24.180895871767515 9.381832237528039
-9.437220468744263 14.121112023438402 -14.159377754738603
24.243619190235528 -10.631340746205266 11.096164816152390
-6.850429364188629 3.629746714639868 10.497287116558011
9.370971881245673 1.276593548488431 10.074858098827621
7.489803801446688 5.870436603582557 21.673998721224322
11.116473702204845 -22.677040375221019 5.204515786417121
10.388735829927702 6.300900722732386 -10.942012247214436
-18.487324526512541 2.473163577081744 -13.871924082413445
-23.572719857656196 -18.505910728966857 18.577023213312547
-1.403673392103518 17.350776467205183 -0.531585929201799
-11.842598191734982 -4.148717902011333 7.951261586974510
-19.241865706943276 11.129258029897189 -12.403246961386428
-6.226208447850309 -9.011020148249250 5.568663582060461
9.673120146842480 -23.414921561981267 -12.919694058895455
5.346286277050965 -20.222728277106977 -13.544605367091235
-12.554474966776425 -3.504571928117851 -8.179851252788772
15.558083453311239 -15.904290390361256 -12.144917150788743
7.447427510446277 3.316437981283737 -13.347589544811996
15.923645409519887 -14.849290038981827 -16.149253051952243
9.534573143778095 -14.563575335042932 -23.136650300825650
-23.826024479169501 6.372406363577065 -19.200420690047590
-23.277894781703093 -6.620059430038365 12.633721591927438
-14.378463062492123 -14.596725202883759 -14.007225008464514
-14.848032302612259 -10.625502001972091 -19.197485643720640
22.454915969848958 -10.218735883882118 16.300334320512526
-14.579749865735277 -20.939565951076741 -5.570927849526550
-16.084938429882431 12.026888155236396 4.424014793442655
-15.443908501056303 6.062006406032125 19.224414521020613
7.209669978715789 13.446538405933611 13.525080234656993
-13.649189231981369 4.924693448124807 1.868996072539482
17.489899265120776 7.246410001275438 -10.628823541521800
-1.966884639950819 6.393704218774559 -3.801431621735419
-16.263906758550970 12.484111101220950 -9.297177013738262
-14.338466468528688 17.030286039647759 15.870986279036899
13.530353249775818 -13.140957635448929 10.931473506491471
-8.014845841762559 -9.520583252910761 -15.457468616683750
-15.077835599383910 -19.403617247121009 -3.413465662832602
7.933784469215538 -11.455667584119272 22.872292831110251
15.122305940614645 -8.484416260870024 13.592410104802074
12.563103566822976 12.432438545063297 8.624499195977394
-21.156192512291213 21.565216777285237 -6.175210156201796
3.999032823017886 11.658908652066295 7.837204927550660
-3.021115725574598 22.158269455488096 -6.814580190002834
-7.345483758691108 7.824053642520159 -18.281352993372160
10.066529538936123 -21.334902277482215 -10.593385432859849
-2.827111207313574 7.998433156878356 11.842116038894215
-15.539501035338329 11.891079260767620 -5.756905150679165
7.874785820449932 9.668247347606988 -20.711953815955411
-1.985860881939229 7.892731229184506 -10.339771426815773
-6.946498019157204 17.758182962227014 -4.250543048304889
22.639760691386044 -4.829614673960422 -13.894744342309290
-8.835706623664151 -0.357451190695199 -12.056602728487411
10.886493651787891 -23.556555022540795 7.824111268906005
12.966905852483023 4.303494394238571 8.229001581285413
-9.837718007221779 -9.056133758181515 10.476389260948970
-12.888469055834035 5.751117660766575 -26.815820047617994
-9.284250251180799 11.062341716345200 -1.170551704902096
1.723467705341421 4.414072795878708 14.362314995044624
10.744650026173639 8.591586586145308 -10.316274209335472
6.168955404053207 5.208946137724074 7.400599222318572
-12.556225147210069 -2.626565949652987 -9.395460948945567
7.133651416262481 -15.402006263482599 -13.181261722129431
-11.891074643254967 -23.349334664109531 -7.143562597162958
21.275731481308586 16.300251283394417 18.053423726902079
12.313966298987687 -13.978506528778802 7.058059113074981
-12.167501672860883 27.867074737783256 1.911019267735977
-7.683541161911005 19.106972597570142 -4.487009083080931
-6.109895618262864 -15.950611610712585 -8.924861775106253
16.015451285613889 5.472248632893466 -2.418296503250006
8.598208817681932 -7.054340717618465 -2.136283638087289
-11.935880363391830 6.210491901218836 -20.872230807547233
-24.324575737196508 -5.698513333484013 35.505977145468030
-22.670120467813650 7.531366859398815 -10.058000846220036
-10.377621885641522 6.440513620389276 -10.291819442109606
-14.016293620681108 -3.851529622180243 -9.186224435266633
-14.328626230469247 10.198996381262072 18.638344746947485
6.972910903508163 10.125946304641037 2.487170938970939
-15.655944825606728 -3.441400107680225 -3.432330461221650
5.224473728229294 0.292363308671678 -7.471398261291212
11.248388747337117 -5.722607672563927 -6.765990705986217
-9.117029998784551 -15.056083338304290 9.651696060494604
-14.722566167790749 18.694785164189295 -3.240213781033146
-5.738226212833730 -15.084296858406256 -14.290169127545735
12.880109231503326 2.521149426171819 -9.205965763222428
-8.525636573214859 7.179161947407717 21.311444476034527
-19.043432786138702 7.471428616034135 14.530811150833545
17.495249093855012 -17.891489086027278 -15.274481492567329
8.889073083372187 -4.434906899973029 -16.971145567728023
-7.348554643596815 4.316335515966803 -4.510244037787905
19.207771603473827 3.162623446746447 13.741780288747343
-5.735465935193848 -11.551998606228471 -5.903400290680693
11.706172014764679 -6.572896914837569 -10.549345986196551
9.464090533790793 7.968973013042421 1.536374683632630
33.668877705960782 18.677022976312490 24.166436834415595
4.582159563436269 -8.214777450419522 -18.477243187119516
16.083295390152720 21.152726874756723 11.572830288861962
-10.400534827689532 6.879356699392009 -12.961590530270911
-17.600702893360342 -13.861302955508579 -21.671154759478494
8.275678279879076 -25.400544396074515 -12.470674298962590
-8.244248803107388 -16.482714152740940 -0.805978873204003
5.208760476023087 6.016620164673109 -15.967015366312994
-10.660325128445432 -8.123742713194728 3.483628285367006
-15.759123898172275 5.658106869016200 14.876398761673663
-12.988834064685957 -19.167007765401653 -15.753467549407350
15.867121894490863 7.734903720714190 14.842947338857053
8.088834467169173 -9.524666273048986 -2.352307862789440
6.999457513138528 22.442801359245681 -20.032072638120383
-2.855082253248304 -6.334565659674209 -11.541150020896081
-1.328930333523132 -11.884463805122435 5.696527299584000
-5.137886809924742 -9.362773119401439 -14.938995099779458
30.310552138026061 9.739803413383505 15.951143421956495
14.162854651293248 16.128957619052706 -32.738365740836933
-8.716376032484590 12.903702483719227 -19.062345389727728
-9.176337674950270 -16.164404442158563 -4.938246813387083
-11.030389408685652 -16.654759582508728 -17.620832155422036
-6.141924035164776 -24.113964087181490 11.165578882606360
-2.800683517586222 -10.950464613304559 -28.061003878341829
3.599016241747686 -10.250060834012094 19.396819694743790
18.504505784291563 -21.266668520478053 -13.789566327196612
6.117928037525732 25.047048631062765 -15.647764011388267
-13.679146698520178 -13.931166010154236 14.574760500074587
7.089256296725859 -13.831896107121880 4.010566311270114
-3.516576589617818 -17.888401325172222 2.987467637760703
7.581852359424377 -9.437319094092933 19.632256859621698
9.801938785611259 2.243370787144926 -14.763075317466647
-19.775069723593415 -15.769697114288714 14.313528165781658
-4.902539121741660 15.682210342926627 19.831242937062740
14.399259856013895 -7.247202450168045 6.692216021886416
22.494194729453557 5.058390136323961 13.934934211621586
-19.284179807274729 4.377925382335969 14.226098215232685
7.417606880965447 -9.325014419246687 9.559740383243186
-27.072586890686566 -20.272511679038377 -5.067576670655786
5.640065725732041 -7.505455694127101 1.892739084835353
7.092961255852885 10.596817748694944 20.628692371389938
9.959977688065187 2.063183860375257 -10.080717409076366
-9.598997310294337 16.050661107015486 -5.752974028471920
-6.191787215657103 -17.353742353612116 -14.327359198765475
-2.238594070884229 -21.913149958800105 6.325117986736181
-3.751896278872047 -8.762332757141944 9.185119255115472
16.929761870454826 13.753409348632605 -12.260821831327744
-12.621639760036183 2.520733839996879 20.568587104191948
15.460610596845088 15.562413593221038 -6.794706453630392
5.426782137089609 -12.648774053607353 -18.194661248398976
10.383016271224745 10.570074894990139 -1.841255281967379
13.517384638704435 13.379985051992936 6.757398931393308
20.967458787585464 4.437982177780260 8.621369748535034
-3.973858897527690 -15.293448372904606 -7.152602501205845
13.738425441572961 -5.144064978371240 19.643568689694984
4.617255444070558 -7.842317888522596 -12.155361020028014
-2.075119415858901 10.856535608813683 -14.318632102891424
6.494634001817045 11.003662311792006 8.844408008987811
20.052860712667176 25.097202031438798 5.469059697580267
15.008721406209123 -7.132777669023693 -5.886823953349605
-11.056206342082907 -7.936180245351935 7.479397599791712
9.049484529842731 -6.008454845832883 15.343161997371295
17.577347185142482 10.427168263834469 17.823286538681071
10.000937993713542 -18.309840396693957 2.978253789575739
14.184151221491199 6.759419439176711 -11.569346140629131
-8.784947530196098 -11.298073505167414 5.599195010601386
5.093121961793125 -11.859521444888816 -3.220376245383991
-15.968440916350918 13.146124419197349 7.774279659893162
-22.521837731942657 19.394373335339829 7.664925830719358
14.030289117961631 -7.442149679789517 8.372792535131444
-14.847122110214530 -16.946580685920132 2.209446853279198
17.162370553249705 20.918462375252787 8.321488827716122
4.452270861625377 -14.331826814955141 4.819942203434612
3.622051581108880 -11.608220443403232 -11.109698175417313
-15.371624858165603 -14.797397368137906 16.306562784013167
-14.095292403825887 8.087175973349227 -11.250909015735830
-8.419079448219586 -6.006598759826884 12.569903593754640
5.439021818649025 5.566905019666939 -13.556602441579182
13.612019071087351 -8.744297568047887 14.474008706458534
-6.614815467172746 6.502186163772198 11.817932294059291
20.614960826328343 -11.931797311814432 -15.282486013911214
-5.514474298198111 -13.326306513955590 -15.543396743120658
-8.137565630072821 1.945445958741367 -17.679402756953174
-5.636913013784286 -6.066951138631954 5.442754241765355
13.480245988543862 5.567421176074612 -19.747400992496274
-16.098451570369470 9.480608704320487 -10.256201801210329
-21.470358979655074 16.675674247029939 8.657130936854321
6.138190515099565 -8.885686067990562 8.236949924659081
8.974347485842506 7.719922249256911 17.946649487881100
-7.443260983360730 3.337181229880979 -2.774586242948458
-20.444481502169157 2.836750622007526 -25.307694433438833
-12.468170942559185 -18.057158886994795 -2.473766628516718
-8.362797853120764 13.318277237799936 -20.726452516593639
19.560611204743079 21.108037553238372 17.222356793026357
-14.169917630288394 7.149763522217201 -14.639084434763117
14.522365583028733 11.747690883708389 -21.242298609443683
-7.100248607385179 -12.291082254035031 -3.536087033606453
-5.207140952143884 -15.086510753524044 13.938009383886500
1.316916321688728 19.529712457992709 -6.806048861111201
-3.002954426171784 16.424534624195942 -7.048237481920415
8.265747392321101 -16.731171192123334 -13.605604756148113
-4.402081766748028 6.198187691114537 8.327921309124841
-6.139068694732229 6.368965017221410 17.401207669775729
20.740466410024098 10.640079798697659 7.785137340547127
-20.095033085074743 18.667863370867909 6.162270257505316
17.872973002005093 -11.041651929471115 19.237999141845375
5.472083370485790 5.164452857688541 -6.938016017105973
-10.268072390860160 -13.024986260320480 22.130893153901734
-13.811631880716709 12.285874158482294 -10.389721825293385
13.321210844157161 8.308361766831144 -5.994129767429850
-11.347871482907367 9.807486247870980 -9.641519326869373
-17.309842486951677 -13.240335814557030 -18.525655964227433
-10.127119898070449 4.647021215021081 6.931596086958379
19.508969166592387 -16.538665146791629 -15.014321774820646
-16.140892256082491 4.966242913109431 -13.036854588056766
7.203983753072015 -13.528456190482911 -9.997748151802806
1.845591928499092 23.949977675538754 6.185575023402484
-8.509627468195632 8.721317543699696 13.055482436773524
7.058242300418275 19.567684117409495 -10.874071536996004
6.519770865098173 -17.011161801991769 -7.354959200419996
-13.467090118997731 -4.852629095597283 6.250074382412768
-4.510615595562875 1.066879103171436 -8.294256858201996
-21.302968145743357 -12.730852287610546 -6.259115409373523
-23.568745396829964 19.875137501524442 17.113240690872598
-6.548777125046040 -6.787078245771498 -15.461874355988316
5.462626550186966 -11.271316550747660 -14.397903236416218
-17.363416894304560 9.346731088697229 -17.114265213162845
14.469897745072728 2.198606021321684 8.468837337674206
25.561011753941870 -9.336825729451643 -13.991845863025850
9.705085899146580 -20.227561636363362 4.702287523131480
19.151921027344883 -9.001842895660509 13.338259151168588
-6.894809796819155 -17.593652351987355 20.930555796970548
10.519529975001603 -8.573945106800632 -13.445235551000847
15.812117327408936 -10.368513290936175 -9.564267837586490
-7.229343117632773 -2.700496260176285 6.160867517627000
22.281472579262481 3.729928744880966 16.487884917630762
7.100707754564663 -21.406866758430592 13.229936340744105
-3.334175977613504 -9.649282375809173 -12.120794384430997
-14.109888282295481 16.210318991557138 9.798509541920952
-15.366393642560507 -10.111194047802879 4.564033466996580
4.622843774462183 11.510737982834444 9.003487350307566
11.745583744871587 6.248127679456164 -6.046571048645452
-9.633972157893133 -1.857879130915578 -5.992833799544204
12.108237287824933 -9.338052587004926 -4.526375626972586
-1.947197965420690 -12.769370870688707 -16.962432266842175
-12.056179058709569 14.190830411355195 -2.192526067309128
-14.625168620811891 9.976856927781059 -15.608402224850247
-15.549066532571898 -5.235389421333259 12.738266492706174
20.441955097705641 7.052810846658870 -12.425905247170034
13.566962925782155 14.585412657784522 23.405100951371839
3.237031269099345 -8.652445257879817 16.358066324697763
-14.451035505948362 26.088988301602335 -20.604644160260790
16.010999381016941 5.066144776647946 2.542083315354669
-10.900862970237512 -10.099924047060314 18.453043888870837
23.975239389625660 22.863175429336252 12.078006838730099
14.261342107710650 -7.379003788572679 2.467103361010146
17.682445575012132 -7.493355058258226 -8.894056430447890
4.809698704992666 14.172048801624284 8.354453667084593
20.736080324147792 -9.404882976034814 10.010382676505607
8.703320979509321 -18.911185275871773 2.041091906932214
14.710404189416575 -5.382345183838548 -13.958873433548879
2.388251564737852 -24.193132449702873 -7.877157954409023
-16.905770731526683 -19.619708555721893 8.623747628818887
-3.914330848524516 -12.827960508425331 -4.362176080180165
9.095308455609686 -8.873591008241835 14.360964696124045
-5.289996658099087 -4.212999576188153 -10.669622877979403
7.082912216376442 21.473882336766575 8.578565862885950
17.109260420350029 1.197821141624551 8.494567847571176
16.695469252976419 -9.892755648918351 -11.703289331983509
9.611797663540139 -13.249363968768513 6.347170211054214
19.378208144669969 -14.556755962625008 -15.513824080336676
-9.317990610291414 6.202498692082071 14.565416125893078
6.883898583238008 11.043383204803977 7.150964998897066
10.966322606624351 3.598361573535244 15.210416261891602
-8.034592627008172 18.955926374034608 11.732661382550173
15.394777947794530 18.769428832422975 -3.198011644912659
2.665945475386741 3.918863942222553 11.634609584108969
-19.984915888634145 6.669613232961918 6.601104352005654
-4.152313095752176 14.123195186114582 19.202840454239166
-11.796284095212945 14.178673361321756 11.251404845698968
-9.824637050296214 -4.145397022873081 -14.724335327377837
-14.699034217802241 23.461983226059491 9.479874639389136
29.206096560159288 19.699382606716561 -18.671852596593915
-18.138060912933032 -14.839400589727873 -8.985189160694006
7.254678194139745 5.394657472723902 -23.820516062699816
-10.343876847662658 13.848796644755485 13.529797033304499
8.995782120265567 4.401568175607309 -21.847734809500469
8.743325575489205 1.035757671134876 24.197865462400038
5.624454321415900 -5.940319771144606 7.007085873642161
-16.863987566388239 -10.411406947161021 -17.151597716130098
20.419764440654127 -8.334113850450862 -14.373963352380212
20.849156752202305 -7.905875341950543 2.949938938854193
7.313453732043259 18.647560000580508 -21.477115863478243
16.754067879359141 23.765344817560369 -17.220857149660223
12.397623346759501 8.915260281462853 15.264958309949755
22.029122377720864 -8.711442186161454 6.114523484722989
-14.578642793733986 -8.949068242951137 -13.229705488246257
5.606555846260042 5.678693343268702 16.626983329876001
-4.438691003275352 14.751097442662592 15.141669994794821
-6.281598546954787 -6.356742427065430 8.125966074782740
-9.451618434911452 4.906388359570943 19.415547622124656
-17.730404044647326 8.694186857251479 -17.810073980064967
-6.429756439449772 -8.323778273157263 3.095588435220301
8.417289349065486 -5.383192929944524 10.611828374346324
6.476324714591829 17.083175077325226 -11.295687627013095
14.284583120543179 2.432827380467450 -15.923725106445117
5.627794693559615 -8.857254379147076 -9.386322966185313
-11.391492503964862 -15.180396258481347 -2.423103189573941
22.476514976105385 4.970532758165913 6.403896050620126
20.769635836747440 -9.004507490964146 18.429170254346189
-16.226222740967398 -17.577840898989574 -4.843130331243032
-18.068282507534200 11.391445149690796 -10.733890953053063
6.461837948379831 -15.279244275081892 2.883648062223862
6.297660125543938 14.428858279624649 14.547939792937756
-6.258717887962319 -10.285958212232487 -9.239789876927819
-16.462724183064442 -12.215096336650271 2.474225571893139
-10.243809759331823 14.696490451474546 -5.947866545340986
12.813592213985290 -21.296890624218335 -7.043487871559934
10.542110269668290 14.738114572640351 21.467031660849916
14.640173020398722 18.025066523626919 18.422654691805828
-16.117096794775541 1.079107042636757 5.503195924271964
-11.908271295042793 -9.562946365046043 -19.264381257600345
-2.209709966759200 -8.271605920606603 7.144458315761927
9.479701247499641 -7.635651042259809 -12.239567127165175
17.557736966631285 -11.745710813079624 4.831422380560074
-10.399958194823414 -5.826778840722031 7.033633471596904
-5.791831369353248 13.602603455380084 -12.298910595842548
8.653560613573623 12.389642291683183 7.747843756275200
6.814093485408304 8.127656995262077 -24.148842655376921
-10.672792955669321 6.941952014663982 15.919668922505011
-4.912670305217813 2.397841851299164 11.953393969191604
3.813278503472571 6.674893111001974 4.398233968879467
13.340818363891652 9.647053296144218 -8.758005526298886
-13.468484903187845 12.156961299475485 -10.091399076571284
-18.932075679811277 -3.942892269107842 36.738730912609476
-13.006428561319224 12.006162130141693 24.569903406365160
11.438826298453741 10.937364456598750 -23.064597823286586
12.277625604568550 20.654190691616034 11.356533646732835
26.136807873722734 -23.268806012397285 5.922308797088519
0.832208910450375 -14.089953613541306 5.944807701036826
21.855298189938608 9.190411569279117 4.941707423773190
7.552784695161274 -10.039345676149457 -10.984555865076068
11.320807065983271 -8.837619832637785 9.585610526688711
-5.762123366291607 16.989917379456934 -17.202460625757070
-10.578581441793824 -4.073717000194876 12.910329310943931
-9.387210902040426 -14.435777197253181 20.217764012193118
12.496933727260531 -12.976311888829201 -9.480404939745270
6.257741304058836 11.688085282651237 10.595317572708890
19.171000654475638 9.905569678852236 5.321617753462078
5.958789776326183 13.981287302760640 4.578013653264756
-6.521437186998712 6.255280506660705 -6.885551405905934
-21.855837880257258 -18.882734194275439 -10.074940401854750
20.498304038062418 -15.375763441298863 10.656402075437155
-11.092150474622100 25.767395393326748 -7.042107813132205
8.250633050133814 -6.769603827091506 -21.413854149655084
3.503747008626073 -19.501564732492042 -9.658979948134467
-13.010857583516017 -6.565299284525472 -17.130638775312399
-11.011219984127351 -11.396554523607346 24.139623565814460
-4.938920790975455 -10.489716428253940 18.908901334593853
24.164882979613775 -14.535731673185413 11.117922802665735
-7.967137625015527 4.898412265842651 -16.374886571474079
-6.155992443674694 17.672316170543223 16.777439353656412
-21.320902733447671 -18.784036150501382 1.016445116924706
-20.123174464163970 5.639989282747782 -24.097830935218667
-9.311938769676784 10.879219523783762 9.077433009397929
11.359982130657551 -8.648335970191319 27.539377156711318
13.646742530829478 0.590766614292137 15.400701966855760
-14.207531745961656 -11.058115771118677 -11.273365182654222
-16.635482324227901 -2.871857923181199 -15.867267387258355
-6.581216028422510 -13.860551246936751 13.741869241520241
5.698084285321857 -7.243130661762533 6.712308434042216
11.893268745897144 22.981333406920118 -10.900633129708686
-17.583736177419329 18.170335551697079 15.227924653894576
-10.526118792022190 -10.485993167950062 -24.425099718771673
-2.986349270380861 7.648319303939250 -10.049023063134092
-12.760154157704068 -13.094639678202384 4.523396845701964
-15.305263280062940 15.264937312785136 -12.396895244114365
-1.763248658569817 -16.432329858596297 -7.523604566398500
-11.917721921925265 13.664468596341505 -7.764895421984637
-9.074840818679112 -9.202513211287231 -11.932863743478345
12.457785249019967 -6.900762695426919 13.842173053456857
-4.434899455272586 -11.637439085841546 -11.979337909633752
19.803057105535821 9.402151794541117 -17.690218497216289
17.422369669080869 4.336283728554649 5.842825405167046
-7.498991944139305 13.637787013616396 5.884873698844210
-6.304201372590853 -11.725043929028137 9.361697915270225
8.495275623949329 15.301226424811173 22.762784848641235
11.162575120400875 19.588979309784190 2.419202633059106
5.767069565298250 4.575633440416675 -9.446344047591507
-6.607154314753267 -13.594983034509069 -20.483483451344927
-6.961255450824231 17.512716651731882 14.172428938010544
-18.676667431613847 8.753142229754483 16.072612089506521
-21.601916252026378 15.378024478254961 -5.956700407152264
6.821063153531170 3.297466980878954 -9.462260131216803
-9.747728533427795 -9.626957725898659 17.833251436370805
6.077460210062329 -12.734832562408872 16.646428302763486
-13.970400856710887 22.070560022375833 9.338594408578905
-19.665026231206244 11.559942245230399 3.810705019415443
15.701396896876503 8.573245652893812 7.966556600044182
7.923625732448580 -3.896572326325489 2.162627257648644
15.840491631502914 16.760368128014065 17.925986774235646
13.107613091605115 -20.768119760787741 -3.386166403707141
-2.719870285614930 12.415305922969083 13.485569833096175
2.822537770975003 -5.186398910441075 11.183840746768162
-21.025380186630919 3.724663966798820 -8.432106634053962
20.756492335240445 -13.601203191505473 11.772211075365677
-13.881682427890031 14.590851965401386 -19.081787528379309
-7.782097789003426 -11.903258758939121 -21.743571753426501
4.921377075395549 4.686816564541854 -10.430826144013603
-2.535147269708433 -10.168935398191602 -13.963290388348225
-7.002767366879478 2.541122109969293 10.470843171063912
-8.078025903917768 16.409447071905717 10.044457161222082
11.336323552940586 4.704567447031068 22.895205682822475
10.320489198734972 20.415470493287049 7.780256670940407
22.843787708602214 2.511942612865291 -10.478884561207851
10.286262780769196 -5.203005627387545 -12.160017810450015
-32.054924630619666 -11.102741807145630 11.400917325911278
15.849549408715433 6.675991695558543 -9.416686102547230
-19.573597903780293 -18.983449600753069 3.665555630197486
7.698405308738020 -13.700022148941700 24.297629934465139
-15.515943096701070 -6.963678942917459 7.674201501769200
5.863105842655687 -14.627406314201972 14.206800521247956
-9.023953382798441 -12.381071058919007 7.302415044618012
-2.791542018500751 -14.453689752435372 9.490639025495804
-9.403324128183801 -8.395831725355368 21.792989725567427
-20.373045780166070 2.515413302059949 -8.304883451871635
-3.677743727790767 -13.095345625326281 6.771796998060125
-6.473127554869906 19.079163786375119 -9.326703946424088
3.782244850745786 -15.227455407547204 8.396695542962620
5.584154134248396 13.445321766672173 11.166701945245883
20.066723516986404 6.680951409092732 -9.341416753577635
-22.574773227575452 11.744759869835425 11.149970512690752
12.888204415181937 -14.001592645583830 5.806004781201368
10.083716499131542 -4.125408194548734 7.185526873305001
-20.034760061711260 7.772214451325301 -2.517128955358171
-3.351425301968706 11.216889023920293 -5.673208041852378
-12.597343366731085 -8.569369543340329 11.381337359868272
22.759356799024577 20.236048535571967 19.187358548625404
-7.122406293738940 4.784987950470358 2.682670142324090
-6.620538080304869 2.673261364658860 -9.716802253233503
-4.897286051451021 -12.022490683485943 20.324190923050839
-11.191006727199605 2.224219096402510 -7.866018825143012
11.818741915134817 2.944851450929697 -10.513004640259174
17.364398372724011 18.640884026327402 13.781436953518824
20.919774369997093 9.425363452471574 -12.328997652219039
-17.736576133202654 14.049837081515856 -20.519425082272029
-6.130365467260318 7.234934021966055 -9.961512132261289
-3.601771663356175 -17.454668297396420 14.548825254937958
-6.181687468088697 3.752343511891865 -16.090508484584969
-4.177293887703263 11.088182774683784 19.153370670918317
-16.563296650787109 -8.401052713022349 -11.354680192787537
8.546172752623329 7.243949833186422 -24.530022652662705
-11.965743099630185 17.035481222258181 2.954465033614565
-15.255201520105571 -4.051754723963423 11.117170355234519
12.090356410141851 17.258090860749242 -11.196169984225316
-8.752573334896386 11.300247399697842 -13.623557251835779
-5.690565797559761 -6.031514797256417 -10.702126876483783
14.300860934580431 12.496279756304425 8.991573358701414
-5.623420653741899 -6.774895185972024 -12.787376560382500
8.599604251742042 12.959408196539918 24.193846885432162
-18.652245920288653 21.465981592381485 -19.290355223410444
14.895682581424561 -6.727308624042437 9.137371245318551
13.932566263124249 -15.928597177591314 2.669214818733556
12.086299466422743 4.879125294322674 -1.968644786719287
-15.320327173184086 9.159779864739004 -12.751770114872855
-5.827079859111208 -12.308161804306485 2.900276177634390
-1.140219196342186 4.881498745769724 -9.157436837536761
-12.385270370629812 15.695824574965773 -14.253892660545993
14.050759660165546 16.358096796355891 20.158752660445035
-26.543498395909801 -13.826369401119285 -3.665254614826791
-8.662249205875716 20.648216712900602 12.373373488431072
14.620713112733824 10.869185746972164 -9.942379992069858
-6.359293200781109 -8.653302568112537 -1.892910797150187
-13.641162636744808 14.058935660434885 12.253233571501019
13.972143288905171 13.587242811741437 10.762152065214874
5.177996820441641 20.483112384559124 -21.405760807826905
6.765186455732096 -6.362577451579805 -3.920840033994125
14.147863157647384 -12.887443023041939 23.387377997752427
16.098443104656212 -18.195141411394768 -12.964343412389150
-3.277167618585120 -13.883876112984295 5.440924458376010
-9.269060499248690 -17.242686381114698 20.731455462814640
10.877165688858344 8.689578770973023 21.964662420430582
5.030458100324635 2.204787459565861 -13.174346447226570
-0.356452775077082 5.132783742332338 -11.473553333038344
7.070920519772546 -16.468395068637903 -11.070120094480428
-4.479019740859613 8.940640461373897 12.920852598374271
-8.538764615124855 -21.469606629531413 -6.358715934142820
-10.460971990727526 -8.157323462986778 8.758930355419396
-13.676795135369115 -21.217741371575208 5.323101867262137
4.653852667124108 -12.459671421846982 -25.741119641040335
18.559660697115472 31.508629818553235 -19.359795570770590
-16.779230414308902 12.016202376843063 18.794063359154844
12.309580954727764 -11.796199900048340 11.717548701090937
-9.030936278678610 -2.742721062734273 6.292892079300175
1.794253712125872 4.005857930276023 5.294300791492159
4.912564394682066 -7.050139450985925 3.808291906009512
6.622846378492840 23.107935296647693 12.878133911893421
11.349354729231495 13.535631398392729 -7.728498747607876
-7.730551064590831 8.415614134038679 11.902303534793186
19.397884941622181 2.593013620653361 20.988651772159745
-17.654550226777339 11.840429513875542 -20.943941190007532
-2.415170772342533 18.283655428288547 2.677331468193386
-23.799390864074386 7.260275040179007 11.652999097762793
-7.564434005312599 1.283985750412364 -10.034086843891766
-12.880910885940118 7.327749173758882 -1.747682270499955
-5.166030243362284 -20.654807624297163 13.211605319173250
-25.237030930344190 1.692446698047813 -8.175776177174278
4.326472825890920 -4.646231162181886 8.760511934992648
13.032627805432897 -8.796301216111672 -3.205764567093018
-17.192555265543991 4.563030070573651 17.905595051136935
23.997440932305178 -5.687316299056000 -18.960212433851726
2.921141058673819 -13.610687292295012 -16.074485683434656
-2.048964673420689 -11.083599678348373 -7.656693470026214
-6.341372290412843 24.380249394934388 7.265565699629276
-10.368124879567349 10.403361430681139 3.712473144234877
14.802513603085574 6.396440970439409 -23.313309151415663
10.512176748317406 -12.486525413776787 -13.215073319694358
-8.388583347206934 7.254766038967205 -13.771222333799694
-12.856624619025977 7.614306744631138 7.682771222637315
5.169437902339908 17.740841297250775 -3.919153117008374
14.892498006681278 8.175464644507038 -5.168524233272318
18.641178938397900 -10.630304055252770 10.737836851664955
16.832451625588970 7.490692251922839 18.299551068373766
-17.390647892292481 3.449539883378892 14.033807821018030
12.715519578067966 17.092605663584706 19.014490559211843
19.089088122193203 -11.626081984535263 -19.616293716463595
-6.509341197460775 6.297016529657184 -14.956802490283186
9.763075655872619 6.586702926749338 -21.536915044996334
13.906682855634424 14.236146068872563 5.337668016018327
-12.357554673095308 3.646329533078929 11.207277210796727
8.648170004961893 -8.147320110605754 -8.013532441059851
5.835404996688619 14.025885363106898 -10.909667322556125
11.290556540877381 6.295935626358835 15.534696604504743
14.644274212759850 10.895516084411407 15.813499827933658
-4.512254757249699 0.812598871021602 14.779461818217436
-15.989765836387019 -11.492904080005824 -14.536870175247037
-12.371251866968276 -6.330822975533506 -5.445556569106193
12.057197767064165 12.175513004747833 -9.328395374185906
8.093802564694082 22.431353336503165 15.515188808240701
-21.223212376964138 16.209598610823885 12.352735146007026
5.561958398521861 10.008377619498741 -17.535467436844062
12.714219163909233 -15.620461766665983 21.824560267468861
9.168124643520455 -16.905230742974812 -11.722387398373712
12.423269995397103 17.059014196869899 -9.415373332204435
7.400306553255199 14.137856574260628 -15.869000629592030
-19.996409678646369 -31.499018188249689 -19.181185646670123
-5.977044506959976 10.952186740270406 7.877338154706296
15.624723419329595 5.100424419025174 7.832271206521826
6.143274108994722 29.199096807871648 24.830040493729346
-14.269506140405058 2.402677549874756 18.604606601865878
-6.388068992257392 -6.978093717247575 -11.381198566145645
3.916412146898581 15.765988277366390 4.948329323611762
-8.240862128663798 -22.367979608416700 -12.636952491311371
-16.347259544894179 17.743127743750701 -14.069781370766631
22.065951242990469 18.001912522544423 -7.812773481250790
-7.952915941841160 -11.321567445927764 17.645146368678958
20.521341147360538 11.451467422214117 -7.440629247255959
5.794151836488678 3.909698881497825 1.376421079257447
11.010685713357061 1.761736886625322 10.220136151354259
5.279201082061651 -2.759449016675720 -21.003029503210517
-12.963504931593256 -16.140167775498782 7.701279437967740
-2.681596605983193 -14.794076661858957 -6.440675820233638
10.958882804590223 -3.363555212081334 -15.488379672621933
-18.326035244638398 3.911527934492315 -21.045248735168776
-13.479513911182995 9.080351124688574 -10.997319352022108
9.482850916114140 -11.947782970360995 7.181943441735601
5.870590776024998 -5.758338217086810 -9.425940594278842
-32.636886309914480 -15.274213538134155 -26.599408773475943
-13.576679266652819 15.375471402436833 -15.888472801477700
-19.377745181265290 1.029613979235792 12.726851752141798
-16.400275908767398 0.983838726636398 6.227591973027991
-21.851392407506026 -7.925826425530245 17.209773533905654
15.881128058411704 -8.676395314108625 8.572122611006533
-8.953649666361452 -5.102888692600184 13.136171492482731
-19.882114670982141 18.122385821500977 -9.572198377805211
-16.026319880633555 -18.003067946629368 6.652253407593019
9.119102734507438 -10.862814650455864 -7.743788415046676
-14.043928282009855 9.517009596025890 -3.880589432888509
-5.171765013100525 -4.708592962014039 13.673081960693233
16.886554942297067 1.605915987896112 10.790883734710984
-13.558675496298385 26.799910862271012 -17.211396071393462
14.268794107048670 13.551075572014007 -4.639251975113901
4.347131887392798 18.003319626353921 -7.567565583403908
-12.967996348833189 30.000326603989034 -3.823978574563285
-7.993672919718015 -20.606575678821560 6.961135782270738
-9.912647436589120 9.411707959019187 15.816478501960603
6.624690244837987 2.714904480711115 13.477025617971709
4.295850645682527 17.519984030343302 -16.657041165242738
20.540752533293933 16.075403792076827 3.084428902595966
-3.810269190978216 -1.851378900058437 17.579898582723079
-10.405892195511113 -4.692680537225304 10.300227127453430
-14.204249245059275 -8.073519353616275 -5.918399309317904
-5.434646025185324 13.528902004313901 -12.889351050680263
-13.849569409802136 -8.039395429759482 11.572714132070354
-24.751651067577900 -20.763505842703157 4.415352987365278
-8.740292015201085 8.786197243234144 2.414813853789461
-7.374456100483308 25.855559510847229 16.676897373795832
3.806257131923292 20.449794624688675 17.539125796709683
-7.594757154807950 15.601310014763182 -7.001046758169228
4.103472205658494 23.343060647897623 21.670674322114191
11.307447877465000 -16.443001224539891 2.426923409447018
-17.558867426592716 9.165323664218903 -19.127551417913075
-6.701994437260542 14.619316312926836 9.115021266333438
-9.114489428167964 10.275963445304498 -7.317793075873080
-27.562349903402303 13.749496684326299 -22.468255554637153
-7.810041655809117 -28.167901216269602 8.702011775737795
-21.611605179784487 -8.554643374457573 -15.451144416347329
14.878943817173592 5.591285080317692 5.861631314213685
14.952709049147694 14.894264356879360 5.039989440814365
9.101522409891883 -8.389227805907721 15.996413903307872
-16.526734653848028 -25.860633883708839 9.130692016014812
12.028723373292884 18.717703207745132 -14.853842649187934
-13.958131061878278 -14.800781252441025 6.507914956651071
-10.535877132130986 -13.663515034189889 3.965593350264247
-12.724014591768526 -11.659315603928100 1.731305211858228
10.000609478621293 6.546360832109362 8.460772145010463
2.300732901863793 -13.780434215730530 10.459327041415863
-3.312993415967330 -16.473800213200789 -11.831780364348944
-13.902327847841603 3.889159804670433 -20.395703203479293
-18.387354549778461 -23.443689791081784 -7.562251053719086
-8.643926593580305 -7.331592799431669 -16.796503483516624
11.437796286629951 14.172339092125828 -2.595698428205796
17.355503028145272 1.434794836124134 11.007898440850218
-6.775496555043437 -6.866354398232373 -4.896569663674146
-12.245276925347406 -16.769708295319479 -10.765727305877821
-2.471150442547868 5.088401894057101 2.759352647751724
-29.299229618486628 -9.855995314800527 -8.876180969966407
-11.165122857007853 12.065278282402240 9.093460176617533
14.087791897634560 8.070117634169456 -10.012320123741482
-17.058253584854633 -10.087770753852062 -10.959625662695338
12.385757969757583 -4.959629751644974 -3.706370351637339
4.681120263762831 5.131168876179689 11.790811351003251
-18.891300985750398 8.093298987579930 -18.336343724756869
-3.103306197539740 2.022973124532662 -13.610894133342727
8.172405591686646 7.189802885048151 8.782259459830897
-11.650428880753537 4.741786267597878 -16.130049389900361
-5.575484234829703 -19.643093918002222 -15.344840259656094
-15.068263037953303 10.350504005612805 6.806950513793668
-11.983400874469568 10.778102603074991 14.842481549912506
10.704695620223472 -0.483941953086501 -17.608670417506527
21.209008066093990 -1.718510432523993 22.095023514958623
-9.003628454834335 14.532425274010722 -4.589941447434715
-10.303585421698493 16.283707765009723 -8.131967488340836
21.246833406713623 -13.901497013998640 19.998694357625503
13.038867934433176 10.338769975227011 -11.207991994658148
-11.074376353304556 -6.690304532244949 3.840312599487383
8.469620283447085 -21.529568145721914 18.702822110705828
-15.306938428521519 11.164557392013648 -8.094439585438279
13.180220193615279 -4.225959285143354 7.550082713790831
-9.742296811802687 15.081332507412458 -7.902343377319017
9.413853480136407 5.493073603339052 18.809180539797847
3.522667110720682 -10.358221593417188 7.956765931993901
6.862497189756183 7.026493599191676 -11.428881823052718
13.701600388709101 0.061150965300688 11.225532915102985
-9.170936216920220 8.242338470593232 9.025212971318219
7.585412288813188 9.708056440372507 -17.459424280571000
2.838279564032213 -17.165754458113010 6.872269542211550
19.721884099441002 1.429880639856326 11.276644111522485
13.199074333902381 -10.826250277286814 15.457601340162810
-14.208300594543198 6.019530110996470 9.971530575142882
14.712212753931952 4.938774933654209 -9.150734865864470
-7.191321366431622 12.329673639881097 -6.624806258990638
-5.934655413791398 2.703562899925828 -8.274065101764586
10.086647332460393 -14.041202627608135 6.057453645560370
-16.758123861840467 -0.605660406156995 14.999290705120872
-2.622273343133979 6.640933494489720 -6.858102922381230
16.032863484219117 -12.147594653920628 3.193460322043458
5.872114899672901 4.972587713681635 6.945496346032304
-8.151317377189320 23.915663169937709 16.625065904337326
13.837934501978564 6.205817275864057 7.008148902263041
-19.808056140237998 -21.820945778828897 8.491982958808002
16.545870099420661 -6.933990974889206 -15.175630179673988
-15.495316750942704 -18.041533508216684 -5.974609340980598
5.931771915207920 -9.454873564127590 11.214513815186757
-8.731222646042157 -7.505092345015630 10.105784194100190
7.128901526287028 20.441692872738138 7.657411417389183
-16.830945003745715 -12.333988323718360 -11.514005967441751
12.574563599687911 13.239341408329535 9.050172835198937
13.567667116529847 2.665216070813907 11.291377385514911
-11.399622017973787 -3.249589934664530 10.930301590204961
-18.006619999248347 8.021082673935318 -7.218793912697151
16.708055691527459 8.178871448954997 13.947481832288059
-4.012988155429627 3.192182085859649 -10.649823083083254
-15.756459632554543 -7.195091855397501 -12.207164410245802
-18.292126609952788 19.134152666140256 -10.537765756646371
9.931723931138377 5.645553740175727 20.382644211250465
12.796057284442686 -12.054097810319780 -12.652060960441432
19.769687492445598 -25.488064960455343 8.410900723370425
5.300839464514771 11.061585340706481 11.918930421266369
15.530886702643263 14.051354971578599 -14.704673610618391
13.812332545822656 11.478350658096401 -24.109178443025669
-15.021679464142368 18.838352221304785 -3.490633246819482
10.974876132075256 5.741657045052419 -6.900904547169970
8.479123959846365 5.786147567123062 -9.319018934313409
-6.590103581793036 -14.997992370345058 10.819113146261280
-11.014267320722285 -5.003639974746179 5.894587714423560
-0.812706080603549 17.553970628320368 10.862271506593709
-9.870894214729285 -11.800764766779601 -3.171479739092095
7.928453628927079 -2.840922461123141 -1.231792252365909
-4.335505675007714 -2.369662563658170 18.407242957752739
-3.353383155759906 -13.878134162791909 -16.702278794398428
-4.967271346537120 -11.735006138659553 -20.820151938607044
-13.983732377807808 31.615318968240775 17.696771540367944
-4.261619434598136 -7.323225845585722 2.140253551214116
20.811019106923549 -9.870885778592669 -5.618849068561456
-12.472529547082008 14.616174233054805 5.543377847051632
11.485562116613636 5.824426052779659 3.975870606659660
3.697157234659572 9.341902487849048 14.819726531539068
-8.027090985077789 -7.385133228867065 11.125348087500269
13.818174502901318 -17.001193007061318 3.687956860228374
-6.565223759623152 -10.038981941622657 7.010474258659949
-6.028726394849724 -16.760849526262525 4.664035342920455
-8.061108063771670 -6.076887392773444 -15.595843371375189
9.196106416781031 5.024540751861673 -9.399301109809556
-12.866656090081765 9.657833375919658 12.967057788655643
-9.926646298469555 12.592183964790010 7.972846394033498
-11.723950493113616 14.519440942380307 8.488836766843354
10.181980068170255 -10.572451149109037 18.766853585938065
-9.661610443693101 9.713530234930536 -23.034837044610541
10.722252266689669 -8.993198804134050 -10.748034450403075
25.435089379767511 -13.772804732385573 -19.068368509367367
-2.092740499743793 -16.614582746143935 15.583496133972455
-9.144001083955443 19.656850189809148 3.509979123552915
14.350430491075715 3.306939367781712 14.311597338690243
16.843652012943764 -3.237237405802084 -13.872906717586439
15.050742897543522 26.881831704337102 12.515012756946458
-12.367207535944079 -0.622219262583560 -30.016741165508634
17.098390207744917 -7.608804804060648 7.000703450704929
-18.123215871810036 16.193537201411939 -5.291674725040203
7.673096939227623 2.105156492385894 11.213949695912333
-11.959765201072692 -12.342455837295850 -15.248296595517818
-9.786473883106918 15.169717735067564 6.981158450475464
9.200528596996357 8.896656557077376 15.088312940137575
-6.670060478977959 -14.415201493151967 21.069528959219134
9.068363495768802 3.009671043345418 4.063321389446893
-9.087899373772215 9.318647324959255 13.068422948728355
8.033155589356515 -12.872105502908274 -22.078857889676740
-5.332727426742950 -14.291203318289750 -7.512421779347997
22.089263814987710 2.883231643118124 7.156711911105605
-3.373328766779852 -3.960344837300435 3.146306080584452
0.734886927294278 -5.629016328889429 12.473270097651490
10.031377551780023 12.284946232277321 20.258573285867232
-6.433855219970586 -8.602772012901498 10.259712165888482
-10.838593772652729 -17.446962269002217 -15.782483490817670
-12.146052199775779 -7.111057895344591 5.153794261674523
22.425601458906868 -9.754017332542256 10.761651071303932
-8.053559552384840 -8.095111588480044 -27.814242457353650
-14.348864372396090 -12.442872981028577 21.502694113098926
-2.000538274572722 9.856268894673830 16.377281292065454
13.020871065559122 6.201663047488331 -1.640337475959453
-24.079863259535117 9.214427776447813 16.384573135222329
-15.622109769315804 -13.664771240751923 -7.182984523376650
8.857765641446930 13.706168661051509 -7.780023978344635
-11.704215750333853 -3.920807798066331 -11.328682384058490
5.643734250561330 -21.398314675148146 -4.527929173880734
3.175957098379214 4.515613268465635 2.067681806550009
-0.745143826130203 13.405829267268457 12.259091847968676
-5.094603265231930 6.973994672105352 6.645913247346764
10.503323950758791 -15.037460138828775 4.065043088452715
-9.462127327050435 -10.657549050260126 -14.621367913351380
9.598875362708391 -2.650915255560625 -6.327512808900240
3.978548487723223 34.663242274250464 7.290099026057971
-14.460875165934501 -5.536713692151157 -2.944792502755954
-15.982002138530486 13.578803633131791 5.140482749352538
6.809124622292064 -17.058122251221235 24.069867053256051
12.870218444656313 10.732775471653815 -3.459718244854674
11.546228680828319 16.562483686829033 4.242951889526708
3.182905017551954 -13.921629542152441 20.625289672663317
15.243123054173335 -5.342635729063952 -15.262409064720748
-4.383725732573406 18.001559922355920 7.131080887157081
-17.972064947141430 -15.030223342823279 -11.425743766546461
18.435737917095498 9.048652128784077 7.626983818855509
28.083303475144085 2.962801673186381 -13.432736539240066
13.440873722310249 8.013409339517255 19.507265770894026
10.087879104510185 3.575360528443785 -11.337136366873132
-3.926569227039740 -11.155772808798911 -17.763605656995715
4.554722543075929 -18.787844679678262 -8.342082261467938
-2.866016549753135 -9.658904206320933 -16.525710380549771
6.649111322606624 3.973460223792215 -11.332263193297019
-18.774364268898985 -10.616064825219624 -18.317166873300060
10.322125498231568 23.449282148423269 17.282682006597902
17.553857528853008 8.153825683825280 23.362398594899464
-9.527310315369741 14.876742746765379 14.470278362300785
-18.896742136069204 4.702017453681910 -19.029925850750889
-12.286402840238903 -9.846854355357264 6.544861013481198
3.062957552666640 -10.095154184218686 -3.226927443457961
11.217033034735692 6.791234526538506 -11.891215895825274
13.968826772321043 -10.766217261484583 21.718946016148792
10.543282684577759 -10.293442139169466 11.421460344828493
8.481397553066103 11.863484054447561 11.615960873217659
-6.544106280273391 0.809907158186489 -12.555952528197134
7.638559032188963 -7.622521673772295 -17.738722080537162
-8.124054212542584 2.328470581136370 -9.713794565826408
7.666611505279829 -22.413249469607063 -6.264633540737357
-12.271296602590516 7.108502393799865 -10.392847056467524
-21.211438023255109 -11.526667231760658 -7.321873074590689
-11.596904108695485 -12.513794777461126 11.239825132195046
5.455784486795238 5.135616896610557 -18.444787467246702
5.603347566224882 1.812004748757489 -12.725065015977096
2.916189215543624 -2.121296924556276 -13.714965177454600
-7.841160260201860 -23.922456907255050 -19.258389311938341
-3.293188746336113 7.958651079551771 17.329278909928469
18.616589033544930 5.480415324603992 10.055330236993145
7.576548511180925 -25.996434155182044 -6.009835206011381
-5.245516062126281 -6.615435588825823 -21.370898355668295
-8.080826921518225 18.201220284610596 -19.629224036587608
8.697065240691760 0.097307752195241 12.844060838623664
-18.853376812559571 15.079931813731957 14.979568354272685
8.608436889339199 -19.284237050664920 -5.029226440324079
