time, hamiltonian, potential_energy, temperature, pressure
0.000e+00, -4.564e+02, -6.740e+03, 5.041e+02, 0.000e+00
2.000e-03, -4.557e+02, -6.739e+03, 5.041e+02, 0.000e+00
3.000e-03, -4.549e+02, -6.738e+03, 5.040e+02, 0.000e+00
4.000e-03, -4.537e+02, -6.736e+03, 5.040e+02, 0.000e+00
5.000e-03, -4.523e+02, -6.734e+03, 5.039e+02, 0.000e+00
6.000e-03, -4.505e+02, -6.731e+03, 5.038e+02, 0.000e+00
7.000e-03, -4.484e+02, -6.727e+03, 5.037e+02, 0.000e+00
8.000e-03, -4.460e+02, -6.723e+03, 5.036e+02, 0.000e+00
9.000e-03, -4.432e+02, -6.719e+03, 5.035e+02, 0.000e+00
1.000e-02, -4.402e+02, -6.714e+03, 5.033e+02, 0.000e+00
1.100e-02, -4.368e+02, -6.708e+03, 5.031e+02, 0.000e+00
1.200e-02, -4.330e+02, -6.702e+03, 5.030e+02, 0.000e+00
1.300e-02, -4.289e+02, -6.696e+03, 5.028e+02, 0.000e+00
1.400e-02, -4.245e+02, -6.689e+03, 5.025e+02, 0.000e+00
1.500e-02, -4.197e+02, -6.681e+03, 5.023e+02, 0.000e+00
1.600e-02, -4.146e+02, -6.673e+03, 5.021e+02, 0.000e+00
1.700e-02, -4.091e+02, -6.664e+03, 5.018e+02, 0.000e+00
1.800e-02, -4.032e+02, -6.655e+03, 5.015e+02, 0.000e+00
1.900e-02, -3.970e+02, -6.645e+03, 5.012e+02, 0.000e+00
2.000e-02, -3.903e+02, -6.634e+03, 5.009e+02, 0.000e+00
2.100e-02, -3.833e+02, -6.623e+03, 5.006e+02, 0.000e+00
2.200e-02, -3.759e+02, -6.611e+03, 5.002e+02, 0.000e+00
2.300e-02, -3.681e+02, -6.599e+03, 4.998e+02, 0.000e+00
2.400e-02, -3.599e+02, -6.586e+03, 4.995e+02, 0.000e+00
2.500e-02, -3.513e+02, -6.572e+03, 4.990e+02, 0.000e+00
2.600e-02, -3.422e+02, -6.557e+03, 4.986e+02, 0.000e+00
2.700e-02, -3.327e+02, -6.542e+03, 4.982e+02, 0.000e+00
2.800e-02, -3.227e+02, -6.527e+03, 4.977e+02, 0.000e+00
2.900e-02, -3.123e+02, -6.510e+03, 4.972e+02, 0.000e+00
3.000e-02, -3.014e+02, -6.493e+03, 4.967e+02, 0.000e+00
3.100e-02, -2.900e+02, -6.475e+03, 4.962e+02, 0.000e+00
3.200e-02, -2.782e+02, -6.456e+03, 4.956e+02, 0.000e+00
3.300e-02, -2.658e+02, -6.437e+03, 4.951e+02, 0.000e+00
3.400e-02, -2.529e+02, -6.417e+03, 4.945e+02, 0.000e+00
3.500e-02, -2.394e+02, -6.395e+03, 4.939e+02, 0.000e+00
3.600e-02, -2.254e+02, -6.374e+03, 4.932e+02, 0.000e+00
3.700e-02, -2.109e+02, -6.351e+03, 4.926e+02, 0.000e+00
3.800e-02, -1.957e+02, -6.327e+03, 4.919e+02, 0.000e+00
3.900e-02, -1.800e+02, -6.302e+03, 4.912e+02, 0.000e+00
4.000e-02, -1.637e+02, -6.277e+03, 4.904e+02, 0.000e+00
4.100e-02, -1.467e+02, -6.251e+03, 4.897e+02, 0.000e+00
4.200e-02, -1.291e+02, -6.223e+03, 4.889e+02, 0.000e+00
4.300e-02, -1.108e+02, -6.195e+03, 4.881e+02, 0.000e+00
4.400e-02, -9.182e+01, -6.165e+03, 4.872e+02, 0.000e+00
4.500e-02, -7.215e+01, -6.135e+03, 4.864e+02, 0.000e+00
4.600e-02, -5.177e+01, -6.103e+03, 4.855e+02, 0.000e+00
4.700e-02, -3.064e+01, -6.071e+03, 4.846e+02, 0.000e+00
4.800e-02, -8.750e+00, -6.037e+03, 4.836e+02, 0.000e+00
4.900e-02, 1.392e+01, -6.002e+03, 4.826e+02, 0.000e+00
5.000e-02, 3.739e+01, -5.966e+03, 4.816e+02, 0.000e+00
5.100e-02, 6.168e+01, -5.929e+03, 4.806e+02, 0.000e+00
5.200e-02, 8.682e+01, -5.890e+03, 4.795e+02, 0.000e+00
5.300e-02, 1.128e+02, -5.850e+03, 4.784e+02, 0.000e+00
5.400e-02, 1.397e+02, -5.809e+03, 4.772e+02, 0.000e+00
5.500e-02, 1.675e+02, -5.766e+03, 4.761e+02, 0.000e+00
5.600e-02, 1.963e+02, -5.723e+03, 4.748e+02, 0.000e+00
5.700e-02, 2.260e+02, -5.677e+03, 4.736e+02, 0.000e+00
5.800e-02, 2.567e+02, -5.631e+03, 4.723e+02, 0.000e+00
5.900e-02, 2.884e+02, -5.583e+03, 4.710e+02, 0.000e+00
6.000e-02, 3.211e+02, -5.533e+03, 4.696e+02, 0.000e+00
6.100e-02, 3.549e+02, -5.482e+03, 4.682e+02, 0.000e+00
6.200e-02, 3.897e+02, -5.429e+03, 4.668e+02, 0.000e+00
6.300e-02, 4.257e+02, -5.375e+03, 4.653e+02, 0.000e+00
6.400e-02, 4.627e+02, -5.319e+03, 4.638e+02, 0.000e+00
6.500e-02, 5.010e+02, -5.261e+03, 4.623e+02, 0.000e+00
6.600e-02, 5.403e+02, -5.202e+03, 4.607e+02, 0.000e+00
6.700e-02, 5.809e+02, -5.141e+03, 4.590e+02, 0.000e+00
6.800e-02, 6.227e+02, -5.078e+03, 4.574e+02, 0.000e+00
6.900e-02, 6.657e+02, -5.014e+03, 4.556e+02, 0.000e+00
7.000e-02, 7.100e+02, -4.948e+03, 4.539e+02, 0.000e+00
7.100e-02, 7.555e+02, -4.880e+03, 4.521e+02, 0.000e+00
7.200e-02, 8.023e+02, -4.810e+03, 4.502e+02, 0.000e+00
7.300e-02, 8.504e+02, -4.738e+03, 4.484e+02, 0.000e+00
7.400e-02, 8.998e+02, -4.665e+03, 4.464e+02, 0.000e+00
7.500e-02, 9.505e+02, -4.589e+03, 4.444e+02, 0.000e+00
7.600e-02, 1.002e+03, -4.512e+03, 4.424e+02, 0.000e+00
7.700e-02, 1.056e+03, -4.433e+03, 4.404e+02, 0.000e+00
7.800e-02, 1.111e+03, -4.352e+03, 4.382e+02, 0.000e+00
7.900e-02, 1.167e+03, -4.269e+03, 4.361e+02, 0.000e+00
8.000e-02, 1.224e+03, -4.185e+03, 4.339e+02, 0.000e+00
8.100e-02, 1.282e+03, -4.098e+03, 4.317e+02, 0.000e+00
8.200e-02, 1.342e+03, -4.010e+03, 4.294e+02, 0.000e+00
8.300e-02, 1.404e+03, -3.920e+03, 4.271e+02, 0.000e+00
8.400e-02, 1.466e+03, -3.828e+03, 4.247e+02, 0.000e+00
8.500e-02, 1.530e+03, -3.734e+03, 4.223e+02, 0.000e+00
8.600e-02, 1.595e+03, -3.639e+03, 4.199e+02, 0.000e+00
8.700e-02, 1.661e+03, -3.542e+03, 4.174e+02, 0.000e+00
8.800e-02, 1.728e+03, -3.443e+03, 4.149e+02, 0.000e+00
8.900e-02, 1.797e+03, -3.343e+03, 4.124e+02, 0.000e+00
9.000e-02, 1.866e+03, -3.242e+03, 4.098e+02, 0.000e+00
9.100e-02, 1.937e+03, -3.139e+03, 4.072e+02, 0.000e+00
9.200e-02, 2.008e+03, -3.035e+03, 4.046e+02, 0.000e+00
9.300e-02, 2.080e+03, -2.929e+03, 4.019e+02, 0.000e+00
9.400e-02, 2.154e+03, -2.823e+03, 3.992e+02, 0.000e+00
9.500e-02, 2.227e+03, -2.716e+03, 3.965e+02, 0.000e+00
9.600e-02, 2.302e+03, -2.607e+03, 3.938e+02, 0.000e+00
9.700e-02, 2.377e+03, -2.498e+03, 3.911e+02, 0.000e+00
9.800e-02, 2.452e+03, -2.388e+03, 3.884e+02, 0.000e+00
9.900e-02, 2.528e+03, -2.278e+03, 3.856e+02, 0.000e+00
1.000e-01, 2.604e+03, -2.168e+03, 3.828e+02, 0.000e+00
1.010e-01, 2.681e+03, -2.057e+03, 3.801e+02, 0.000e+00
1.020e-01, 2.757e+03, -1.946e+03, 3.773e+02, 0.000e+00
1.030e-01, 2.833e+03, -1.836e+03, 3.746e+02, 0.000e+00
1.040e-01, 2.909e+03, -1.725e+03, 3.718e+02, 0.000e+00
1.050e-01, 2.985e+03, -1.615e+03, 3.691e+02, 0.000e+00
1.060e-01, 3.061e+03, -1.506e+03, 3.664e+02, 0.000e+00
1.070e-01, 3.136e+03, -1.398e+03, 3.637e+02, 0.000e+00
1.080e-01, 3.210e+03, -1.290e+03, 3.610e+02, 0.000e+00
1.090e-01, 3.283e+03, -1.183e+03, 3.583e+02, 0.000e+00
1.100e-01, 3.356e+03, -1.078e+03, 3.557e+02, 0.000e+00
1.110e-01, 3.428e+03, -9.740e+02, 3.531e+02, 0.000e+00
1.120e-01, 3.498e+03, -8.716e+02, 3.506e+02, 0.000e+00
1.130e-01, 3.568e+03, -7.710e+02, 3.481e+02, 0.000e+00
1.140e-01, 3.636e+03, -6.722e+02, 3.456e+02, 0.000e+00
1.150e-01, 3.702e+03, -5.754e+02, 3.432e+02, 0.000e+00
1.160e-01, 3.768e+03, -4.807e+02, 3.408e+02, 0.000e+00
1.170e-01, 3.831e+03, -3.882e+02, 3.385e+02, 0.000e+00
1.180e-01, 3.893e+03, -2.982e+02, 3.362e+02, 0.000e+00
1.190e-01, 3.953e+03, -2.106e+02, 3.340e+02, 0.000e+00
1.200e-01, 4.012e+03, -1.256e+02, 3.319e+02, 0.000e+00
1.210e-01, 4.068e+03, -4.331e+01, 3.298e+02, 0.000e+00
1.220e-01, 4.122e+03, 3.624e+01, 3.278e+02, 0.000e+00
1.230e-01, 4.175e+03, 1.130e+02, 3.259e+02, 0.000e+00
1.240e-01, 4.225e+03, 1.868e+02, 3.240e+02, 0.000e+00
1.250e-01, 4.273e+03, 2.577e+02, 3.222e+02, 0.000e+00
1.260e-01, 4.320e+03, 3.256e+02, 3.204e+02, 0.000e+00
1.270e-01, 4.364e+03, 3.904e+02, 3.187e+02, 0.000e+00
1.280e-01, 4.405e+03, 4.522e+02, 3.171e+02, 0.000e+00
1.290e-01, 4.445e+03, 5.109e+02, 3.156e+02, 0.000e+00
1.300e-01, 4.483e+03, 5.665e+02, 3.142e+02, 0.000e+00
1.310e-01, 4.518e+03, 6.191e+02, 3.128e+02, 0.000e+00
1.320e-01, 4.551e+03, 6.686e+02, 3.115e+02, 0.000e+00
1.330e-01, 4.582e+03, 7.150e+02, 3.102e+02, 0.000e+00
1.340e-01, 4.611e+03, 7.584e+02, 3.091e+02, 0.000e+00
1.350e-01, 4.638e+03, 7.987e+02, 3.080e+02, 0.000e+00
1.360e-01, 4.662e+03, 8.361e+02, 3.069e+02, 0.000e+00
1.370e-01, 4.685e+03, 8.706e+02, 3.060e+02, 0.000e+00
1.380e-01, 4.705e+03, 9.021e+02, 3.051e+02, 0.000e+00
1.390e-01, 4.724e+03, 9.309e+02, 3.043e+02, 0.000e+00
1.400e-01, 4.740e+03, 9.568e+02, 3.035e+02, 0.000e+00
1.410e-01, 4.755e+03, 9.801e+02, 3.028e+02, 0.000e+00
1.420e-01, 4.768e+03, 1.001e+03, 3.022e+02, 0.000e+00
1.430e-01, 4.779e+03, 1.019e+03, 3.017e+02, 0.000e+00
1.440e-01, 4.788e+03, 1.034e+03, 3.012e+02, 0.000e+00
1.450e-01, 4.796e+03, 1.047e+03, 3.007e+02, 0.000e+00
1.460e-01, 4.802e+03, 1.058e+03, 3.003e+02, 0.000e+00
1.470e-01, 4.806e+03, 1.067e+03, 3.000e+02, 0.000e+00
1.480e-01, 4.809e+03, 1.073e+03, 2.997e+02, 0.000e+00
1.490e-01, 4.810e+03, 1.077e+03, 2.995e+02, 0.000e+00
1.500e-01, 4.810e+03, 1.079e+03, 2.993e+02, 0.000e+00
1.510e-01, 4.809e+03, 1.079e+03, 2.992e+02, 0.000e+00
1.520e-01, 4.806e+03, 1.078e+03, 2.991e+02, 0.000e+00
1.530e-01, 4.802e+03, 1.074e+03, 2.991e+02, 0.000e+00
1.540e-01, 4.797e+03, 1.069e+03, 2.991e+02, 0.000e+00
1.550e-01, 4.791e+03, 1.062e+03, 2.992e+02, 0.000e+00
1.560e-01, 4.784e+03, 1.054e+03, 2.992e+02, 0.000e+00
1.570e-01, 4.776e+03, 1.044e+03, 2.994e+02, 0.000e+00
1.580e-01, 4.767e+03, 1.033e+03, 2.995e+02, 0.000e+00
1.590e-01, 4.757e+03, 1.021e+03, 2.997e+02, 0.000e+00
1.600e-01, 4.746e+03, 1.007e+03, 2.999e+02, 0.000e+00
1.610e-01, 4.735e+03, 9.928e+02, 3.002e+02, 0.000e+00
1.620e-01, 4.723e+03, 9.772e+02, 3.005e+02, 0.000e+00
1.630e-01, 4.710e+03, 9.606e+02, 3.008e+02, 0.000e+00
1.640e-01, 4.696e+03, 9.431e+02, 3.011e+02, 0.000e+00
1.650e-01, 4.682e+03, 9.249e+02, 3.014e+02, 0.000e+00
1.660e-01, 4.668e+03, 9.059e+02, 3.018e+02, 0.000e+00
1.670e-01, 4.653e+03, 8.863e+02, 3.022e+02, 0.000e+00
1.680e-01, 4.638e+03, 8.661e+02, 3.026e+02, 0.000e+00
1.690e-01, 4.623e+03, 8.454e+02, 3.030e+02, 0.000e+00
1.700e-01, 4.607e+03, 8.242e+02, 3.035e+02, 0.000e+00
1.710e-01, 4.591e+03, 8.027e+02, 3.039e+02, 0.000e+00
1.720e-01, 4.575e+03, 7.808e+02, 3.044e+02, 0.000e+00
1.730e-01, 4.558e+03, 7.586e+02, 3.048e+02, 0.000e+00
1.740e-01, 4.542e+03, 7.363e+02, 3.053e+02, 0.000e+00
1.750e-01, 4.525e+03, 7.138e+02, 3.058e+02, 0.000e+00
1.760e-01, 4.509e+03, 6.912e+02, 3.063e+02, 0.000e+00
1.770e-01, 4.492e+03, 6.686e+02, 3.067e+02, 0.000e+00
1.780e-01, 4.476e+03, 6.459e+02, 3.072e+02, 0.000e+00
1.790e-01, 4.459e+03, 6.233e+02, 3.077e+02, 0.000e+00
1.800e-01, 4.443e+03, 6.007e+02, 3.082e+02, 0.000e+00
1.810e-01, 4.426e+03, 5.783e+02, 3.087e+02, 0.000e+00
1.820e-01, 4.410e+03, 5.560e+02, 3.092e+02, 0.000e+00
1.830e-01, 4.394e+03, 5.339e+02, 3.097e+02, 0.000e+00
1.840e-01, 4.379e+03, 5.121e+02, 3.102e+02, 0.000e+00
1.850e-01, 4.363e+03, 4.904e+02, 3.107e+02, 0.000e+00
1.860e-01, 4.348e+03, 4.690e+02, 3.112e+02, 0.000e+00
1.870e-01, 4.332e+03, 4.479e+02, 3.116e+02, 0.000e+00
1.880e-01, 4.318e+03, 4.272e+02, 3.121e+02, 0.000e+00
1.890e-01, 4.303e+03, 4.067e+02, 3.126e+02, 0.000e+00
1.900e-01, 4.288e+03, 3.865e+02, 3.130e+02, 0.000e+00
1.910e-01, 4.274e+03, 3.667e+02, 3.135e+02, 0.000e+00
1.920e-01, 4.260e+03, 3.473e+02, 3.139e+02, 0.000e+00
1.930e-01, 4.247e+03, 3.281e+02, 3.144e+02, 0.000e+00
1.940e-01, 4.233e+03, 3.094e+02, 3.148e+02, 0.000e+00
1.950e-01, 4.220e+03, 2.909e+02, 3.152e+02, 0.000e+00
1.960e-01, 4.207e+03, 2.728e+02, 3.157e+02, 0.000e+00
1.970e-01, 4.195e+03, 2.551e+02, 3.161e+02, 0.000e+00
1.980e-01, 4.183e+03, 2.376e+02, 3.165e+02, 0.000e+00
1.990e-01, 4.170e+03, 2.205e+02, 3.169e+02, 0.000e+00
2.000e-01, 4.159e+03, 2.037e+02, 3.173e+02, 0.000e+00
2.010e-01, 4.147e+03, 1.871e+02, 3.177e+02, 0.000e+00
2.020e-01, 4.135e+03, 1.709e+02, 3.180e+02, 0.000e+00
2.030e-01, 4.124e+03, 1.549e+02, 3.184e+02, 0.000e+00
2.040e-01, 4.113e+03, 1.391e+02, 3.188e+02, 0.000e+00
2.050e-01, 4.102e+03, 1.236e+02, 3.192e+02, 0.000e+00
2.060e-01, 4.091e+03, 1.083e+02, 3.195e+02, 0.000e+00
2.070e-01, 4.081e+03, 9.323e+01, 3.199e+02, 0.000e+00
2.080e-01, 4.070e+03, 7.834e+01, 3.202e+02, 0.000e+00
2.090e-01, 4.060e+03, 6.364e+01, 3.206e+02, 0.000e+00
2.100e-01, 4.049e+03, 4.911e+01, 3.209e+02, 0.000e+00
2.110e-01, 4.039e+03, 3.475e+01, 3.213e+02, 0.000e+00
2.120e-01, 4.029e+03, 2.054e+01, 3.216e+02, 0.000e+00
2.130e-01, 4.019e+03, 6.481e+00, 3.219e+02, 0.000e+00
2.140e-01, 4.010e+03, -7.431e+00, 3.223e+02, 0.000e+00
2.150e-01, 4.000e+03, -2.120e+01, 3.226e+02, 0.000e+00
2.160e-01, 3.990e+03, -3.484e+01, 3.229e+02, 0.000e+00
2.170e-01, 3.981e+03, -4.834e+01, 3.232e+02, 0.000e+00
2.180e-01, 3.971e+03, -6.171e+01, 3.235e+02, 0.000e+00
2.190e-01, 3.962e+03, -7.494e+01, 3.238e+02, 0.000e+00
2.200e-01, 3.952e+03, -8.804e+01, 3.241e+02, 0.000e+00
2.210e-01, 3.943e+03, -1.010e+02, 3.245e+02, 0.000e+00
2.220e-01, 3.934e+03, -1.138e+02, 3.247e+02, 0.000e+00
2.230e-01, 3.925e+03, -1.265e+02, 3.250e+02, 0.000e+00
2.240e-01, 3.916e+03, -1.391e+02, 3.253e+02, 0.000e+00
2.250e-01, 3.907e+03, -1.515e+02, 3.256e+02, 0.000e+00
2.260e-01, 3.899e+03, -1.637e+02, 3.259e+02, 0.000e+00
2.270e-01, 3.890e+03, -1.758e+02, 3.262e+02, 0.000e+00
2.280e-01, 3.881e+03, -1.877e+02, 3.264e+02, 0.000e+00
2.290e-01, 3.873e+03, -1.995e+02, 3.267e+02, 0.000e+00
2.300e-01, 3.865e+03, -2.111e+02, 3.270e+02, 0.000e+00
2.310e-01, 3.856e+03, -2.226e+02, 3.272e+02, 0.000e+00
2.320e-01, 3.848e+03, -2.338e+02, 3.275e+02, 0.000e+00
2.330e-01, 3.840e+03, -2.449e+02, 3.277e+02, 0.000e+00
2.340e-01, 3.833e+03, -2.558e+02, 3.280e+02, 0.000e+00
2.350e-01, 3.825e+03, -2.665e+02, 3.282e+02, 0.000e+00
2.360e-01, 3.817e+03, -2.770e+02, 3.285e+02, 0.000e+00
2.370e-01, 3.810e+03, -2.873e+02, 3.287e+02, 0.000e+00
2.380e-01, 3.803e+03, -2.973e+02, 3.289e+02, 0.000e+00
2.390e-01, 3.795e+03, -3.072e+02, 3.291e+02, 0.000e+00
2.400e-01, 3.788e+03, -3.169e+02, 3.293e+02, 0.000e+00
2.410e-01, 3.782e+03, -3.263e+02, 3.296e+02, 0.000e+00
2.420e-01, 3.775e+03, -3.355e+02, 3.298e+02, 0.000e+00
2.430e-01, 3.768e+03, -3.445e+02, 3.300e+02, 0.000e+00
2.440e-01, 3.762e+03, -3.532e+02, 3.301e+02, 0.000e+00
2.450e-01, 3.756e+03, -3.617e+02, 3.303e+02, 0.000e+00
2.460e-01, 3.750e+03, -3.700e+02, 3.305e+02, 0.000e+00
2.470e-01, 3.744e+03, -3.781e+02, 3.307e+02, 0.000e+00
2.480e-01, 3.738e+03, -3.859e+02, 3.308e+02, 0.000e+00
2.490e-01, 3.733e+03, -3.934e+02, 3.310e+02, 0.000e+00
2.500e-01, 3.727e+03, -4.008e+02, 3.312e+02, 0.000e+00
2.510e-01, 3.722e+03, -4.079e+02, 3.313e+02, 0.000e+00
2.520e-01, 3.717e+03, -4.148e+02, 3.315e+02, 0.000e+00
2.530e-01, 3.712e+03, -4.214e+02, 3.316e+02, 0.000e+00
2.540e-01, 3.707e+03, -4.279e+02, 3.317e+02, 0.000e+00
2.550e-01, 3.702e+03, -4.341e+02, 3.319e+02, 0.000e+00
2.560e-01, 3.698e+03, -4.402e+02, 3.320e+02, 0.000e+00
2.570e-01, 3.694e+03, -4.460e+02, 3.321e+02, 0.000e+00
2.580e-01, 3.689e+03, -4.517e+02, 3.322e+02, 0.000e+00
2.590e-01, 3.685e+03, -4.572e+02, 3.323e+02, 0.000e+00
2.600e-01, 3.681e+03, -4.625e+02, 3.324e+02, 0.000e+00
2.610e-01, 3.677e+03, -4.677e+02, 3.325e+02, 0.000e+00
2.620e-01, 3.673e+03, -4.727e+02, 3.326e+02, 0.000e+00
2.630e-01, 3.670e+03, -4.775e+02, 3.327e+02, 0.000e+00
2.640e-01, 3.666e+03, -4.822e+02, 3.328e+02, 0.000e+00
2.650e-01, 3.663e+03, -4.868e+02, 3.329e+02, 0.000e+00
2.660e-01, 3.659e+03, -4.912e+02, 3.330e+02, 0.000e+00
2.670e-01, 3.656e+03, -4.956e+02, 3.330e+02, 0.000e+00
2.680e-01, 3.652e+03, -4.998e+02, 3.331e+02, 0.000e+00
2.690e-01, 3.649e+03, -5.039e+02, 3.332e+02, 0.000e+00
2.700e-01, 3.646e+03, -5.079e+02, 3.333e+02, 0.000e+00
2.710e-01, 3.643e+03, -5.117e+02, 3.333e+02, 0.000e+00
2.720e-01, 3.640e+03, -5.155e+02, 3.334e+02, 0.000e+00
2.730e-01, 3.637e+03, -5.192e+02, 3.334e+02, 0.000e+00
2.740e-01, 3.634e+03, -5.227e+02, 3.335e+02, 0.000e+00
2.750e-01, 3.632e+03, -5.262e+02, 3.336e+02, 0.000e+00
2.760e-01, 3.629e+03, -5.295e+02, 3.336e+02, 0.000e+00
2.770e-01, 3.626e+03, -5.328e+02, 3.337e+02, 0.000e+00
2.780e-01, 3.624e+03, -5.359e+02, 3.337e+02, 0.000e+00
2.790e-01, 3.621e+03, -5.389e+02, 3.337e+02, 0.000e+00
2.800e-01, 3.619e+03, -5.418e+02, 3.338e+02, 0.000e+00
2.810e-01, 3.616e+03, -5.446e+02, 3.338e+02, 0.000e+00
2.820e-01, 3.614e+03, -5.473e+02, 3.338e+02, 0.000e+00
2.830e-01, 3.612e+03, -5.498e+02, 3.339e+02, 0.000e+00
2.840e-01, 3.610e+03, -5.522e+02, 3.339e+02, 0.000e+00
2.850e-01, 3.608e+03, -5.545e+02, 3.339e+02, 0.000e+00
2.860e-01, 3.606e+03, -5.566e+02, 3.339e+02, 0.000e+00
2.870e-01, 3.604e+03, -5.586e+02, 3.340e+02, 0.000e+00
2.880e-01, 3.603e+03, -5.604e+02, 3.340e+02, 0.000e+00
2.890e-01, 3.601e+03, -5.622e+02, 3.340e+02, 0.000e+00
2.900e-01, 3.599e+03, -5.637e+02, 3.340e+02, 0.000e+00
2.910e-01, 3.598e+03, -5.652e+02, 3.340e+02, 0.000e+00
2.920e-01, 3.597e+03, -5.664e+02, 3.340e+02, 0.000e+00
2.930e-01, 3.596e+03, -5.676e+02, 3.340e+02, 0.000e+00
2.940e-01, 3.594e+03, -5.685e+02, 3.340e+02, 0.000e+00
2.950e-01, 3.593e+03, -5.694e+02, 3.340e+02, 0.000e+00
2.960e-01, 3.593e+03, -5.701e+02, 3.339e+02, 0.000e+00
2.970e-01, 3.592e+03, -5.706e+02, 3.339e+02, 0.000e+00
2.980e-01, 3.591e+03, -5.710e+02, 3.339e+02, 0.000e+00
2.990e-01, 3.591e+03, -5.712e+02, 3.339e+02, 0.000e+00
3.000e-01, 3.590e+03, -5.713e+02, 3.339e+02, 0.000e+00
3.010e-01, 3.590e+03, -5.712e+02, 3.338e+02, 0.000e+00
3.020e-01, 3.590e+03, -5.711e+02, 3.338e+02, 0.000e+00
3.030e-01, 3.589e+03, -5.707e+02, 3.337e+02, 0.000e+00
3.040e-01, 3.589e+03, -5.703e+02, 3.337e+02, 0.000e+00
3.050e-01, 3.589e+03, -5.697e+02, 3.337e+02, 0.000e+00
3.060e-01, 3.590e+03, -5.690e+02, 3.336e+02, 0.000e+00
3.070e-01, 3.590e+03, -5.682e+02, 3.336e+02, 0.000e+00
3.080e-01, 3.590e+03, -5.672e+02, 3.335e+02, 0.000e+00
3.090e-01, 3.590e+03, -5.662e+02, 3.335e+02, 0.000e+00
3.100e-01, 3.591e+03, -5.651e+02, 3.334e+02, 0.000e+00
3.110e-01, 3.591e+03, -5.639e+02, 3.333e+02, 0.000e+00
3.120e-01, 3.592e+03, -5.626e+02, 3.333e+02, 0.000e+00
3.130e-01, 3.592e+03, -5.612e+02, 3.332e+02, 0.000e+00
3.140e-01, 3.593e+03, -5.598e+02, 3.332e+02, 0.000e+00
3.150e-01, 3.594e+03, -5.583e+02, 3.331e+02, 0.000e+00
3.160e-01, 3.594e+03, -5.568e+02, 3.330e+02, 0.000e+00
3.170e-01, 3.595e+03, -5.553e+02, 3.330e+02, 0.000e+00
3.180e-01, 3.596e+03, -5.537e+02, 3.329e+02, 0.000e+00
3.190e-01, 3.597e+03, -5.522e+02, 3.328e+02, 0.000e+00
3.200e-01, 3.597e+03, -5.506e+02, 3.328e+02, 0.000e+00
3.210e-01, 3.598e+03, -5.491e+02, 3.327e+02, 0.000e+00
3.220e-01, 3.599e+03, -5.476e+02, 3.326e+02, 0.000e+00
3.230e-01, 3.600e+03, -5.461e+02, 3.326e+02, 0.000e+00
3.240e-01, 3.600e+03, -5.448e+02, 3.325e+02, 0.000e+00
3.250e-01, 3.601e+03, -5.435e+02, 3.325e+02, 0.000e+00
3.260e-01, 3.601e+03, -5.423e+02, 3.324e+02, 0.000e+00
3.270e-01, 3.602e+03, -5.412e+02, 3.324e+02, 0.000e+00
3.280e-01, 3.602e+03, -5.402e+02, 3.323e+02, 0.000e+00
3.290e-01, 3.602e+03, -5.394e+02, 3.323e+02, 0.000e+00
3.300e-01, 3.602e+03, -5.387e+02, 3.322e+02, 0.000e+00
3.310e-01, 3.602e+03, -5.382e+02, 3.322e+02, 0.000e+00
3.320e-01, 3.602e+03, -5.379e+02, 3.321e+02, 0.000e+00
3.330e-01, 3.602e+03, -5.377e+02, 3.321e+02, 0.000e+00
3.340e-01, 3.602e+03, -5.378e+02, 3.321e+02, 0.000e+00
3.350e-01, 3.601e+03, -5.381e+02, 3.321e+02, 0.000e+00
3.360e-01, 3.600e+03, -5.386e+02, 3.320e+02, 0.000e+00
3.370e-01, 3.599e+03, -5.394e+02, 3.320e+02, 0.000e+00
3.380e-01, 3.598e+03, -5.404e+02, 3.320e+02, 0.000e+00
3.390e-01, 3.597e+03, -5.416e+02, 3.320e+02, 0.000e+00
3.400e-01, 3.595e+03, -5.432e+02, 3.320e+02, 0.000e+00
3.410e-01, 3.594e+03, -5.450e+02, 3.320e+02, 0.000e+00
3.420e-01, 3.592e+03, -5.471e+02, 3.320e+02, 0.000e+00
3.430e-01, 3.590e+03, -5.495e+02, 3.321e+02, 0.000e+00
3.440e-01, 3.587e+03, -5.522e+02, 3.321e+02, 0.000e+00
3.450e-01, 3.585e+03, -5.551e+02, 3.321e+02, 0.000e+00
3.460e-01, 3.582e+03, -5.584e+02, 3.322e+02, 0.000e+00
3.470e-01, 3.579e+03, -5.620e+02, 3.322e+02, 0.000e+00
3.480e-01, 3.576e+03, -5.658e+02, 3.323e+02, 0.000e+00
3.490e-01, 3.573e+03, -5.700e+02, 3.324e+02, 0.000e+00
3.500e-01, 3.569e+03, -5.744e+02, 3.324e+02, 0.000e+00
3.510e-01, 3.565e+03, -5.792e+02, 3.325e+02, 0.000e+00
3.520e-01, 3.561e+03, -5.842e+02, 3.326e+02, 0.000e+00
3.530e-01, 3.557e+03, -5.896e+02, 3.327e+02, 0.000e+00
3.540e-01, 3.553e+03, -5.952e+02, 3.328e+02, 0.000e+00
3.550e-01, 3.548e+03, -6.011e+02, 3.329e+02, 0.000e+00
3.560e-01, 3.543e+03, -6.072e+02, 3.330e+02, 0.000e+00
3.570e-01, 3.538e+03, -6.137e+02, 3.331e+02, 0.000e+00
3.580e-01, 3.533e+03, -6.203e+02, 3.332e+02, 0.000e+00
3.590e-01, 3.528e+03, -6.273e+02, 3.334e+02, 0.000e+00
3.600e-01, 3.522e+03, -6.345e+02, 3.335e+02, 0.000e+00
3.610e-01, 3.517e+03, -6.420e+02, 3.336e+02, 0.000e+00
3.620e-01, 3.511e+03, -6.497e+02, 3.338e+02, 0.000e+00
3.630e-01, 3.505e+03, -6.577e+02, 3.339e+02, 0.000e+00
3.640e-01, 3.499e+03, -6.658e+02, 3.341e+02, 0.000e+00
3.650e-01, 3.492e+03, -6.743e+02, 3.343e+02, 0.000e+00
3.660e-01, 3.486e+03, -6.829e+02, 3.344e+02, 0.000e+00
3.670e-01, 3.479e+03, -6.918e+02, 3.346e+02, 0.000e+00
3.680e-01, 3.472e+03, -7.010e+02, 3.348e+02, 0.000e+00
3.690e-01, 3.465e+03, -7.103e+02, 3.350e+02, 0.000e+00
3.700e-01, 3.458e+03, -7.199e+02, 3.352e+02, 0.000e+00
3.710e-01, 3.450e+03, -7.297e+02, 3.353e+02, 0.000e+00
3.720e-01, 3.443e+03, -7.397e+02, 3.355e+02, 0.000e+00
3.730e-01, 3.435e+03, -7.499e+02, 3.358e+02, 0.000e+00
3.740e-01, 3.427e+03, -7.604e+02, 3.360e+02, 0.000e+00
3.750e-01, 3.420e+03, -7.710e+02, 3.362e+02, 0.000e+00
3.760e-01, 3.411e+03, -7.819e+02, 3.364e+02, 0.000e+00
3.770e-01, 3.403e+03, -7.930e+02, 3.366e+02, 0.000e+00
3.780e-01, 3.395e+03, -8.043e+02, 3.369e+02, 0.000e+00
3.790e-01, 3.386e+03, -8.158e+02, 3.371e+02, 0.000e+00
3.800e-01, 3.377e+03, -8.275e+02, 3.373e+02, 0.000e+00
3.810e-01, 3.369e+03, -8.394e+02, 3.376e+02, 0.000e+00
3.820e-01, 3.360e+03, -8.515e+02, 3.378e+02, 0.000e+00
3.830e-01, 3.350e+03, -8.639e+02, 3.381e+02, 0.000e+00
3.840e-01, 3.341e+03, -8.764e+02, 3.384e+02, 0.000e+00
3.850e-01, 3.332e+03, -8.891e+02, 3.386e+02, 0.000e+00
3.860e-01, 3.322e+03, -9.020e+02, 3.389e+02, 0.000e+00
3.870e-01, 3.313e+03, -9.150e+02, 3.392e+02, 0.000e+00
3.880e-01, 3.303e+03, -9.283e+02, 3.394e+02, 0.000e+00
3.890e-01, 3.293e+03, -9.417e+02, 3.397e+02, 0.000e+00
3.900e-01, 3.283e+03, -9.553e+02, 3.400e+02, 0.000e+00
3.910e-01, 3.273e+03, -9.690e+02, 3.403e+02, 0.000e+00
3.920e-01, 3.262e+03, -9.829e+02, 3.406e+02, 0.000e+00
3.930e-01, 3.252e+03, -9.969e+02, 3.409e+02, 0.000e+00
3.940e-01, 3.242e+03, -1.011e+03, 3.412e+02, 0.000e+00
3.950e-01, 3.231e+03, -1.025e+03, 3.415e+02, 0.000e+00
3.960e-01, 3.221e+03, -1.040e+03, 3.418e+02, 0.000e+00
3.970e-01, 3.210e+03, -1.054e+03, 3.421e+02, 0.000e+00
3.980e-01, 3.199e+03, -1.069e+03, 3.424e+02, 0.000e+00
3.990e-01, 3.188e+03, -1.083e+03, 3.427e+02, 0.000e+00
4.000e-01, 3.177e+03, -1.098e+03, 3.430e+02, 0.000e+00
4.010e-01, 3.167e+03, -1.113e+03, 3.433e+02, 0.000e+00
4.020e-01, 3.156e+03, -1.128e+03, 3.436e+02, 0.000e+00
4.030e-01, 3.145e+03, -1.142e+03, 3.439e+02, 0.000e+00
4.040e-01, 3.134e+03, -1.157e+03, 3.442e+02, 0.000e+00
4.050e-01, 3.123e+03, -1.172e+03, 3.446e+02, 0.000e+00
4.060e-01, 3.112e+03, -1.187e+03, 3.449e+02, 0.000e+00
4.070e-01, 3.101e+03, -1.202e+03, 3.452e+02, 0.000e+00
4.080e-01, 3.090e+03, -1.216e+03, 3.455e+02, 0.000e+00
4.090e-01, 3.079e+03, -1.231e+03, 3.458e+02, 0.000e+00
4.100e-01, 3.069e+03, -1.245e+03, 3.461e+02, 0.000e+00
4.110e-01, 3.058e+03, -1.260e+03, 3.464e+02, 0.000e+00
4.120e-01, 3.047e+03, -1.274e+03, 3.467e+02, 0.000e+00
4.130e-01, 3.037e+03, -1.288e+03, 3.470e+02, 0.000e+00
4.140e-01, 3.027e+03, -1.302e+03, 3.473e+02, 0.000e+00
4.150e-01, 3.016e+03, -1.316e+03, 3.476e+02, 0.000e+00
4.160e-01, 3.006e+03, -1.330e+03, 3.479e+02, 0.000e+00
4.170e-01, 2.996e+03, -1.344e+03, 3.481e+02, 0.000e+00
4.180e-01, 2.986e+03, -1.357e+03, 3.484e+02, 0.000e+00
4.190e-01, 2.976e+03, -1.370e+03, 3.487e+02, 0.000e+00
4.200e-01, 2.967e+03, -1.383e+03, 3.490e+02, 0.000e+00
4.210e-01, 2.957e+03, -1.396e+03, 3.492e+02, 0.000e+00
4.220e-01, 2.948e+03, -1.408e+03, 3.495e+02, 0.000e+00
4.230e-01, 2.939e+03, -1.420e+03, 3.497e+02, 0.000e+00
4.240e-01, 2.930e+03, -1.432e+03, 3.500e+02, 0.000e+00
4.250e-01, 2.922e+03, -1.444e+03, 3.502e+02, 0.000e+00
4.260e-01, 2.913e+03, -1.455e+03, 3.504e+02, 0.000e+00
4.270e-01, 2.905e+03, -1.466e+03, 3.507e+02, 0.000e+00
4.280e-01, 2.897e+03, -1.477e+03, 3.509e+02, 0.000e+00
4.290e-01, 2.889e+03, -1.487e+03, 3.511e+02, 0.000e+00
4.300e-01, 2.882e+03, -1.497e+03, 3.513e+02, 0.000e+00
4.310e-01, 2.874e+03, -1.507e+03, 3.515e+02, 0.000e+00
4.320e-01, 2.867e+03, -1.516e+03, 3.517e+02, 0.000e+00
4.330e-01, 2.860e+03, -1.525e+03, 3.518e+02, 0.000e+00
4.340e-01, 2.854e+03, -1.534e+03, 3.520e+02, 0.000e+00
4.350e-01, 2.847e+03, -1.542e+03, 3.522e+02, 0.000e+00
4.360e-01, 2.841e+03, -1.550e+03, 3.523e+02, 0.000e+00
4.370e-01, 2.835e+03, -1.558e+03, 3.525e+02, 0.000e+00
4.380e-01, 2.830e+03, -1.566e+03, 3.526e+02, 0.000e+00
4.390e-01, 2.824e+03, -1.573e+03, 3.527e+02, 0.000e+00
4.400e-01, 2.819e+03, -1.579e+03, 3.529e+02, 0.000e+00
4.410e-01, 2.814e+03, -1.586e+03, 3.530e+02, 0.000e+00
4.420e-01, 2.809e+03, -1.592e+03, 3.531e+02, 0.000e+00
4.430e-01, 2.805e+03, -1.598e+03, 3.532e+02, 0.000e+00
4.440e-01, 2.800e+03, -1.603e+03, 3.533e+02, 0.000e+00
4.450e-01, 2.796e+03, -1.608e+03, 3.534e+02, 0.000e+00
4.460e-01, 2.793e+03, -1.613e+03, 3.534e+02, 0.000e+00
4.470e-01, 2.789e+03, -1.617e+03, 3.535e+02, 0.000e+00
4.480e-01, 2.786e+03, -1.622e+03, 3.536e+02, 0.000e+00
4.490e-01, 2.783e+03, -1.625e+03, 3.536e+02, 0.000e+00
4.500e-01, 2.780e+03, -1.629e+03, 3.537e+02, 0.000e+00
4.510e-01, 2.777e+03, -1.632e+03, 3.537e+02, 0.000e+00
4.520e-01, 2.774e+03, -1.635e+03, 3.538e+02, 0.000e+00
4.530e-01, 2.772e+03, -1.638e+03, 3.538e+02, 0.000e+00
4.540e-01, 2.770e+03, -1.640e+03, 3.538e+02, 0.000e+00
4.550e-01, 2.768e+03, -1.642e+03, 3.538e+02, 0.000e+00
4.560e-01, 2.766e+03, -1.644e+03, 3.538e+02, 0.000e+00
4.570e-01, 2.765e+03, -1.646e+03, 3.538e+02, 0.000e+00
4.580e-01, 2.763e+03, -1.647e+03, 3.538e+02, 0.000e+00
4.590e-01, 2.762e+03, -1.648e+03, 3.538e+02, 0.000e+00
4.600e-01, 2.761e+03, -1.649e+03, 3.538e+02, 0.000e+00
4.610e-01, 2.760e+03, -1.649e+03, 3.538e+02, 0.000e+00
4.620e-01, 2.760e+03, -1.650e+03, 3.537e+02, 0.000e+00
4.630e-01, 2.759e+03, -1.650e+03, 3.537e+02, 0.000e+00
4.640e-01, 2.759e+03, -1.649e+03, 3.537e+02, 0.000e+00
4.650e-01, 2.759e+03, -1.649e+03, 3.536e+02, 0.000e+00
4.660e-01, 2.759e+03, -1.648e+03, 3.536e+02, 0.000e+00
4.670e-01, 2.759e+03, -1.647e+03, 3.535e+02, 0.000e+00
4.680e-01, 2.759e+03, -1.646e+03, 3.534e+02, 0.000e+00
4.690e-01, 2.760e+03, -1.645e+03, 3.534e+02, 0.000e+00
4.700e-01, 2.760e+03, -1.644e+03, 3.533e+02, 0.000e+00
4.710e-01, 2.761e+03, -1.642e+03, 3.532e+02, 0.000e+00
4.720e-01, 2.762e+03, -1.640e+03, 3.532e+02, 0.000e+00
4.730e-01, 2.763e+03, -1.638e+03, 3.531e+02, 0.000e+00
4.740e-01, 2.764e+03, -1.636e+03, 3.530e+02, 0.000e+00
4.750e-01, 2.765e+03, -1.634e+03, 3.529e+02, 0.000e+00
4.760e-01, 2.766e+03, -1.631e+03, 3.528e+02, 0.000e+00
4.770e-01, 2.768e+03, -1.629e+03, 3.527e+02, 0.000e+00
4.780e-01, 2.769e+03, -1.626e+03, 3.526e+02, 0.000e+00
4.790e-01, 2.770e+03, -1.623e+03, 3.525e+02, 0.000e+00
4.800e-01, 2.772e+03, -1.621e+03, 3.524e+02, 0.000e+00
4.810e-01, 2.774e+03, -1.618e+03, 3.523e+02, 0.000e+00
4.820e-01, 2.775e+03, -1.615e+03, 3.522e+02, 0.000e+00
4.830e-01, 2.777e+03, -1.612e+03, 3.521e+02, 0.000e+00
4.840e-01, 2.779e+03, -1.608e+03, 3.520e+02, 0.000e+00
4.850e-01, 2.781e+03, -1.605e+03, 3.519e+02, 0.000e+00
4.860e-01, 2.782e+03, -1.602e+03, 3.517e+02, 0.000e+00
4.870e-01, 2.784e+03, -1.599e+03, 3.516e+02, 0.000e+00
4.880e-01, 2.786e+03, -1.596e+03, 3.515e+02, 0.000e+00
4.890e-01, 2.788e+03, -1.593e+03, 3.514e+02, 0.000e+00
4.900e-01, 2.789e+03, -1.590e+03, 3.513e+02, 0.000e+00
4.910e-01, 2.791e+03, -1.587e+03, 3.512e+02, 0.000e+00
4.920e-01, 2.792e+03, -1.584e+03, 3.511e+02, 0.000e+00
4.930e-01, 2.794e+03, -1.581e+03, 3.510e+02, 0.000e+00
4.940e-01, 2.795e+03, -1.578e+03, 3.509e+02, 0.000e+00
4.950e-01, 2.797e+03, -1.576e+03, 3.508e+02, 0.000e+00
4.960e-01, 2.798e+03, -1.573e+03, 3.507e+02, 0.000e+00
4.970e-01, 2.799e+03, -1.571e+03, 3.506e+02, 0.000e+00
4.980e-01, 2.800e+03, -1.569e+03, 3.505e+02, 0.000e+00
4.990e-01, 2.801e+03, -1.567e+03, 3.504e+02, 0.000e+00
5.000e-01, 2.802e+03, -1.565e+03, 3.503e+02, 0.000e+00
5.010e-01, 2.803e+03, -1.563e+03, 3.502e+02, 0.000e+00
5.020e-01, 2.803e+03, -1.562e+03, 3.502e+02, 0.000e+00
5.030e-01, 2.803e+03, -1.560e+03, 3.501e+02, 0.000e+00
5.040e-01, 2.804e+03, -1.559e+03, 3.500e+02, 0.000e+00
5.050e-01, 2.804e+03, -1.559e+03, 3.500e+02, 0.000e+00
5.060e-01, 2.804e+03, -1.558e+03, 3.499e+02, 0.000e+00
5.070e-01, 2.803e+03, -1.558e+03, 3.499e+02, 0.000e+00
5.080e-01, 2.803e+03, -1.558e+03, 3.498e+02, 0.000e+00
5.090e-01, 2.802e+03, -1.558e+03, 3.498e+02, 0.000e+00
5.100e-01, 2.801e+03, -1.558e+03, 3.497e+02, 0.000e+00
5.110e-01, 2.800e+03, -1.559e+03, 3.497e+02, 0.000e+00
5.120e-01, 2.799e+03, -1.560e+03, 3.497e+02, 0.000e+00
5.130e-01, 2.798e+03, -1.561e+03, 3.497e+02, 0.000e+00
5.140e-01, 2.796e+03, -1.562e+03, 3.496e+02, 0.000e+00
5.150e-01, 2.794e+03, -1.564e+03, 3.496e+02, 0.000e+00
5.160e-01, 2.793e+03, -1.565e+03, 3.496e+02, 0.000e+00
5.170e-01, 2.790e+03, -1.568e+03, 3.496e+02, 0.000e+00
5.180e-01, 2.788e+03, -1.570e+03, 3.496e+02, 0.000e+00
5.190e-01, 2.786e+03, -1.572e+03, 3.496e+02, 0.000e+00
5.200e-01, 2.783e+03, -1.575e+03, 3.497e+02, 0.000e+00
5.210e-01, 2.781e+03, -1.578e+03, 3.497e+02, 0.000e+00
5.220e-01, 2.778e+03, -1.581e+03, 3.497e+02, 0.000e+00
5.230e-01, 2.775e+03, -1.585e+03, 3.497e+02, 0.000e+00
5.240e-01, 2.771e+03, -1.588e+03, 3.498e+02, 0.000e+00
5.250e-01, 2.768e+03, -1.592e+03, 3.498e+02, 0.000e+00
5.260e-01, 2.765e+03, -1.596e+03, 3.498e+02, 0.000e+00
5.270e-01, 2.761e+03, -1.600e+03, 3.499e+02, 0.000e+00
5.280e-01, 2.758e+03, -1.604e+03, 3.499e+02, 0.000e+00
5.290e-01, 2.754e+03, -1.609e+03, 3.500e+02, 0.000e+00
5.300e-01, 2.750e+03, -1.613e+03, 3.500e+02, 0.000e+00
5.310e-01, 2.746e+03, -1.618e+03, 3.501e+02, 0.000e+00
5.320e-01, 2.742e+03, -1.623e+03, 3.502e+02, 0.000e+00
5.330e-01, 2.738e+03, -1.628e+03, 3.502e+02, 0.000e+00
5.340e-01, 2.734e+03, -1.633e+03, 3.503e+02, 0.000e+00
5.350e-01, 2.730e+03, -1.638e+03, 3.504e+02, 0.000e+00
5.360e-01, 2.725e+03, -1.643e+03, 3.504e+02, 0.000e+00
5.370e-01, 2.721e+03, -1.648e+03, 3.505e+02, 0.000e+00
5.380e-01, 2.717e+03, -1.653e+03, 3.506e+02, 0.000e+00
5.390e-01, 2.712e+03, -1.659e+03, 3.507e+02, 0.000e+00
5.400e-01, 2.708e+03, -1.664e+03, 3.507e+02, 0.000e+00
5.410e-01, 2.703e+03, -1.669e+03, 3.508e+02, 0.000e+00
5.420e-01, 2.699e+03, -1.675e+03, 3.509e+02, 0.000e+00
5.430e-01, 2.694e+03, -1.680e+03, 3.510e+02, 0.000e+00
5.440e-01, 2.690e+03, -1.686e+03, 3.511e+02, 0.000e+00
5.450e-01, 2.685e+03, -1.692e+03, 3.511e+02, 0.000e+00
5.460e-01, 2.681e+03, -1.697e+03, 3.512e+02, 0.000e+00
5.470e-01, 2.676e+03, -1.703e+03, 3.513e+02, 0.000e+00
5.480e-01, 2.671e+03, -1.709e+03, 3.514e+02, 0.000e+00
5.490e-01, 2.667e+03, -1.715e+03, 3.515e+02, 0.000e+00
5.500e-01, 2.662e+03, -1.720e+03, 3.516e+02, 0.000e+00
5.510e-01, 2.657e+03, -1.726e+03, 3.517e+02, 0.000e+00
5.520e-01, 2.652e+03, -1.732e+03, 3.518e+02, 0.000e+00
5.530e-01, 2.647e+03, -1.738e+03, 3.518e+02, 0.000e+00
5.540e-01, 2.643e+03, -1.744e+03, 3.519e+02, 0.000e+00
5.550e-01, 2.638e+03, -1.751e+03, 3.520e+02, 0.000e+00
5.560e-01, 2.633e+03, -1.757e+03, 3.521e+02, 0.000e+00
5.570e-01, 2.628e+03, -1.763e+03, 3.522e+02, 0.000e+00
5.580e-01, 2.623e+03, -1.769e+03, 3.523e+02, 0.000e+00
5.590e-01, 2.618e+03, -1.775e+03, 3.524e+02, 0.000e+00
5.600e-01, 2.612e+03, -1.782e+03, 3.525e+02, 0.000e+00
5.610e-01, 2.607e+03, -1.788e+03, 3.526e+02, 0.000e+00
5.620e-01, 2.602e+03, -1.795e+03, 3.527e+02, 0.000e+00
5.630e-01, 2.597e+03, -1.801e+03, 3.528e+02, 0.000e+00
5.640e-01, 2.592e+03, -1.808e+03, 3.529e+02, 0.000e+00
5.650e-01, 2.587e+03, -1.814e+03, 3.530e+02, 0.000e+00
5.660e-01, 2.581e+03, -1.821e+03, 3.531e+02, 0.000e+00
5.670e-01, 2.576e+03, -1.827e+03, 3.532e+02, 0.000e+00
5.680e-01, 2.571e+03, -1.834e+03, 3.534e+02, 0.000e+00
5.690e-01, 2.565e+03, -1.841e+03, 3.535e+02, 0.000e+00
5.700e-01, 2.560e+03, -1.847e+03, 3.536e+02, 0.000e+00
5.710e-01, 2.555e+03, -1.854e+03, 3.537e+02, 0.000e+00
5.720e-01, 2.549e+03, -1.860e+03, 3.538e+02, 0.000e+00
5.730e-01, 2.544e+03, -1.867e+03, 3.539e+02, 0.000e+00
5.740e-01, 2.539e+03, -1.874e+03, 3.540e+02, 0.000e+00
5.750e-01, 2.534e+03, -1.880e+03, 3.541e+02, 0.000e+00
5.760e-01, 2.528e+03, -1.887e+03, 3.542e+02, 0.000e+00
5.770e-01, 2.523e+03, -1.893e+03, 3.543e+02, 0.000e+00
5.780e-01, 2.518e+03, -1.899e+03, 3.544e+02, 0.000e+00
5.790e-01, 2.513e+03, -1.906e+03, 3.545e+02, 0.000e+00
5.800e-01, 2.508e+03, -1.912e+03, 3.546e+02, 0.000e+00
5.810e-01, 2.503e+03, -1.918e+03, 3.547e+02, 0.000e+00
5.820e-01, 2.498e+03, -1.924e+03, 3.548e+02, 0.000e+00
5.830e-01, 2.493e+03, -1.930e+03, 3.549e+02, 0.000e+00
5.840e-01, 2.488e+03, -1.936e+03, 3.550e+02, 0.000e+00
5.850e-01, 2.484e+03, -1.942e+03, 3.550e+02, 0.000e+00
5.860e-01, 2.479e+03, -1.947e+03, 3.551e+02, 0.000e+00
5.870e-01, 2.475e+03, -1.953e+03, 3.552e+02, 0.000e+00
5.880e-01, 2.470e+03, -1.958e+03, 3.553e+02, 0.000e+00
5.890e-01, 2.466e+03, -1.964e+03, 3.554e+02, 0.000e+00
5.900e-01, 2.462e+03, -1.969e+03, 3.554e+02, 0.000e+00
5.910e-01, 2.458e+03, -1.974e+03, 3.555e+02, 0.000e+00
5.920e-01, 2.454e+03, -1.978e+03, 3.556e+02, 0.000e+00
5.930e-01, 2.450e+03, -1.983e+03, 3.556e+02, 0.000e+00
5.940e-01, 2.446e+03, -1.988e+03, 3.557e+02, 0.000e+00
5.950e-01, 2.442e+03, -1.992e+03, 3.557e+02, 0.000e+00
5.960e-01, 2.439e+03, -1.996e+03, 3.558e+02, 0.000e+00
5.970e-01, 2.435e+03, -2.000e+03, 3.558e+02, 0.000e+00
5.980e-01, 2.432e+03, -2.004e+03, 3.559e+02, 0.000e+00
5.990e-01, 2.429e+03, -2.008e+03, 3.559e+02, 0.000e+00
6.000e-01, 2.426e+03, -2.012e+03, 3.560e+02, 0.000e+00
6.010e-01, 2.422e+03, -2.015e+03, 3.560e+02, 0.000e+00
6.020e-01, 2.419e+03, -2.019e+03, 3.560e+02, 0.000e+00
6.030e-01, 2.417e+03, -2.022e+03, 3.561e+02, 0.000e+00
6.040e-01, 2.414e+03, -2.025e+03, 3.561e+02, 0.000e+00
6.050e-01, 2.411e+03, -2.028e+03, 3.561e+02, 0.000e+00
6.060e-01, 2.408e+03, -2.031e+03, 3.562e+02, 0.000e+00
6.070e-01, 2.406e+03, -2.034e+03, 3.562e+02, 0.000e+00
6.080e-01, 2.403e+03, -2.037e+03, 3.562e+02, 0.000e+00
6.090e-01, 2.401e+03, -2.039e+03, 3.562e+02, 0.000e+00
6.100e-01, 2.399e+03, -2.042e+03, 3.562e+02, 0.000e+00
6.110e-01, 2.396e+03, -2.044e+03, 3.562e+02, 0.000e+00
6.120e-01, 2.394e+03, -2.047e+03, 3.563e+02, 0.000e+00
6.130e-01, 2.392e+03, -2.049e+03, 3.563e+02, 0.000e+00
6.140e-01, 2.389e+03, -2.052e+03, 3.563e+02, 0.000e+00
6.150e-01, 2.387e+03, -2.054e+03, 3.563e+02, 0.000e+00
6.160e-01, 2.385e+03, -2.056e+03, 3.563e+02, 0.000e+00
6.170e-01, 2.383e+03, -2.059e+03, 3.563e+02, 0.000e+00
6.180e-01, 2.381e+03, -2.061e+03, 3.563e+02, 0.000e+00
6.190e-01, 2.378e+03, -2.063e+03, 3.563e+02, 0.000e+00
6.200e-01, 2.376e+03, -2.066e+03, 3.563e+02, 0.000e+00
6.210e-01, 2.374e+03, -2.068e+03, 3.564e+02, 0.000e+00
6.220e-01, 2.372e+03, -2.070e+03, 3.564e+02, 0.000e+00
6.230e-01, 2.370e+03, -2.073e+03, 3.564e+02, 0.000e+00
6.240e-01, 2.367e+03, -2.075e+03, 3.564e+02, 0.000e+00
6.250e-01, 2.365e+03, -2.078e+03, 3.564e+02, 0.000e+00
6.260e-01, 2.362e+03, -2.080e+03, 3.564e+02, 0.000e+00
6.270e-01, 2.360e+03, -2.083e+03, 3.564e+02, 0.000e+00
6.280e-01, 2.358e+03, -2.085e+03, 3.564e+02, 0.000e+00
6.290e-01, 2.355e+03, -2.088e+03, 3.565e+02, 0.000e+00
6.300e-01, 2.352e+03, -2.091e+03, 3.565e+02, 0.000e+00
6.310e-01, 2.350e+03, -2.094e+03, 3.565e+02, 0.000e+00
6.320e-01, 2.347e+03, -2.097e+03, 3.565e+02, 0.000e+00
6.330e-01, 2.345e+03, -2.100e+03, 3.565e+02, 0.000e+00
6.340e-01, 2.342e+03, -2.103e+03, 3.566e+02, 0.000e+00
6.350e-01, 2.339e+03, -2.106e+03, 3.566e+02, 0.000e+00
6.360e-01, 2.336e+03, -2.109e+03, 3.566e+02, 0.000e+00
6.370e-01, 2.333e+03, -2.112e+03, 3.566e+02, 0.000e+00
6.380e-01, 2.330e+03, -2.115e+03, 3.566e+02, 0.000e+00
6.390e-01, 2.327e+03, -2.118e+03, 3.567e+02, 0.000e+00
6.400e-01, 2.325e+03, -2.122e+03, 3.567e+02, 0.000e+00
6.410e-01, 2.322e+03, -2.125e+03, 3.567e+02, 0.000e+00
6.420e-01, 2.319e+03, -2.128e+03, 3.567e+02, 0.000e+00
6.430e-01, 2.316e+03, -2.131e+03, 3.568e+02, 0.000e+00
6.440e-01, 2.313e+03, -2.135e+03, 3.568e+02, 0.000e+00
6.450e-01, 2.310e+03, -2.138e+03, 3.568e+02, 0.000e+00
6.460e-01, 2.307e+03, -2.141e+03, 3.568e+02, 0.000e+00
6.470e-01, 2.304e+03, -2.144e+03, 3.569e+02, 0.000e+00
6.480e-01, 2.301e+03, -2.147e+03, 3.569e+02, 0.000e+00
6.490e-01, 2.298e+03, -2.150e+03, 3.569e+02, 0.000e+00
6.500e-01, 2.295e+03, -2.153e+03, 3.569e+02, 0.000e+00
6.510e-01, 2.293e+03, -2.156e+03, 3.569e+02, 0.000e+00
6.520e-01, 2.290e+03, -2.159e+03, 3.569e+02, 0.000e+00
6.530e-01, 2.287e+03, -2.162e+03, 3.569e+02, 0.000e+00
6.540e-01, 2.285e+03, -2.165e+03, 3.570e+02, 0.000e+00
6.550e-01, 2.282e+03, -2.167e+03, 3.570e+02, 0.000e+00
6.560e-01, 2.280e+03, -2.169e+03, 3.570e+02, 0.000e+00
6.570e-01, 2.278e+03, -2.172e+03, 3.570e+02, 0.000e+00
6.580e-01, 2.276e+03, -2.174e+03, 3.570e+02, 0.000e+00
6.590e-01, 2.274e+03, -2.176e+03, 3.569e+02, 0.000e+00
6.600e-01, 2.272e+03, -2.178e+03, 3.569e+02, 0.000e+00
6.610e-01, 2.270e+03, -2.179e+03, 3.569e+02, 0.000e+00
6.620e-01, 2.268e+03, -2.181e+03, 3.569e+02, 0.000e+00
6.630e-01, 2.266e+03, -2.182e+03, 3.569e+02, 0.000e+00
6.640e-01, 2.265e+03, -2.183e+03, 3.569e+02, 0.000e+00
6.650e-01, 2.264e+03, -2.184e+03, 3.568e+02, 0.000e+00
6.660e-01, 2.262e+03, -2.185e+03, 3.568e+02, 0.000e+00
6.670e-01, 2.261e+03, -2.186e+03, 3.568e+02, 0.000e+00
6.680e-01, 2.260e+03, -2.186e+03, 3.567e+02, 0.000e+00
6.690e-01, 2.259e+03, -2.186e+03, 3.567e+02, 0.000e+00
6.700e-01, 2.259e+03, -2.186e+03, 3.566e+02, 0.000e+00
6.710e-01, 2.258e+03, -2.186e+03, 3.566e+02, 0.000e+00
6.720e-01, 2.258e+03, -2.186e+03, 3.565e+02, 0.000e+00
6.730e-01, 2.258e+03, -2.185e+03, 3.564e+02, 0.000e+00
6.740e-01, 2.258e+03, -2.185e+03, 3.564e+02, 0.000e+00
6.750e-01, 2.258e+03, -2.184e+03, 3.563e+02, 0.000e+00
6.760e-01, 2.258e+03, -2.182e+03, 3.562e+02, 0.000e+00
6.770e-01, 2.258e+03, -2.181e+03, 3.561e+02, 0.000e+00
6.780e-01, 2.259e+03, -2.179e+03, 3.560e+02, 0.000e+00
6.790e-01, 2.259e+03, -2.178e+03, 3.559e+02, 0.000e+00
6.800e-01, 2.260e+03, -2.176e+03, 3.558e+02, 0.000e+00
6.810e-01, 2.261e+03, -2.174e+03, 3.557e+02, 0.000e+00
6.820e-01, 2.262e+03, -2.171e+03, 3.556e+02, 0.000e+00
6.830e-01, 2.263e+03, -2.169e+03, 3.555e+02, 0.000e+00
6.840e-01, 2.264e+03, -2.166e+03, 3.554e+02, 0.000e+00
6.850e-01, 2.266e+03, -2.163e+03, 3.553e+02, 0.000e+00
6.860e-01, 2.267e+03, -2.160e+03, 3.552e+02, 0.000e+00
6.870e-01, 2.269e+03, -2.157e+03, 3.551e+02, 0.000e+00
6.880e-01, 2.270e+03, -2.154e+03, 3.549e+02, 0.000e+00
6.890e-01, 2.272e+03, -2.150e+03, 3.548e+02, 0.000e+00
6.900e-01, 2.274e+03, -2.147e+03, 3.547e+02, 0.000e+00
6.910e-01, 2.276e+03, -2.143e+03, 3.545e+02, 0.000e+00
6.920e-01, 2.278e+03, -2.139e+03, 3.544e+02, 0.000e+00
6.930e-01, 2.280e+03, -2.135e+03, 3.543e+02, 0.000e+00
6.940e-01, 2.283e+03, -2.131e+03, 3.541e+02, 0.000e+00
6.950e-01, 2.285e+03, -2.127e+03, 3.540e+02, 0.000e+00
6.960e-01, 2.287e+03, -2.123e+03, 3.538e+02, 0.000e+00
6.970e-01, 2.289e+03, -2.119e+03, 3.537e+02, 0.000e+00
6.980e-01, 2.292e+03, -2.115e+03, 3.535e+02, 0.000e+00
6.990e-01, 2.294e+03, -2.111e+03, 3.534e+02, 0.000e+00
7.000e-01, 2.296e+03, -2.107e+03, 3.533e+02, 0.000e+00
7.010e-01, 2.299e+03, -2.103e+03, 3.531e+02, 0.000e+00
7.020e-01, 2.301e+03, -2.099e+03, 3.530e+02, 0.000e+00
7.030e-01, 2.303e+03, -2.095e+03, 3.528e+02, 0.000e+00
7.040e-01, 2.305e+03, -2.091e+03, 3.527e+02, 0.000e+00
7.050e-01, 2.308e+03, -2.087e+03, 3.525e+02, 0.000e+00
7.060e-01, 2.310e+03, -2.083e+03, 3.524e+02, 0.000e+00
7.070e-01, 2.312e+03, -2.079e+03, 3.523e+02, 0.000e+00
7.080e-01, 2.314e+03, -2.076e+03, 3.521e+02, 0.000e+00
7.090e-01, 2.315e+03, -2.072e+03, 3.520e+02, 0.000e+00
7.100e-01, 2.317e+03, -2.069e+03, 3.519e+02, 0.000e+00
7.110e-01, 2.319e+03, -2.066e+03, 3.517e+02, 0.000e+00
7.120e-01, 2.320e+03, -2.063e+03, 3.516e+02, 0.000e+00
7.130e-01, 2.322e+03, -2.060e+03, 3.515e+02, 0.000e+00
7.140e-01, 2.323e+03, -2.057e+03, 3.514e+02, 0.000e+00
7.150e-01, 2.324e+03, -2.055e+03, 3.513e+02, 0.000e+00
7.160e-01, 2.325e+03, -2.052e+03, 3.512e+02, 0.000e+00
7.170e-01, 2.326e+03, -2.050e+03, 3.511e+02, 0.000e+00
7.180e-01, 2.327e+03, -2.049e+03, 3.510e+02, 0.000e+00
7.190e-01, 2.327e+03, -2.047e+03, 3.509e+02, 0.000e+00
7.200e-01, 2.327e+03, -2.045e+03, 3.508e+02, 0.000e+00
7.210e-01, 2.328e+03, -2.044e+03, 3.507e+02, 0.000e+00
7.220e-01, 2.328e+03, -2.043e+03, 3.506e+02, 0.000e+00
7.230e-01, 2.328e+03, -2.042e+03, 3.506e+02, 0.000e+00
7.240e-01, 2.328e+03, -2.041e+03, 3.505e+02, 0.000e+00
7.250e-01, 2.327e+03, -2.041e+03, 3.504e+02, 0.000e+00
7.260e-01, 2.327e+03, -2.041e+03, 3.504e+02, 0.000e+00
7.270e-01, 2.326e+03, -2.041e+03, 3.503e+02, 0.000e+00
7.280e-01, 2.325e+03, -2.041e+03, 3.503e+02, 0.000e+00
7.290e-01, 2.325e+03, -2.041e+03, 3.502e+02, 0.000e+00
7.300e-01, 2.324e+03, -2.041e+03, 3.502e+02, 0.000e+00
7.310e-01, 2.322e+03, -2.042e+03, 3.501e+02, 0.000e+00
7.320e-01, 2.321e+03, -2.043e+03, 3.501e+02, 0.000e+00
7.330e-01, 2.320e+03, -2.044e+03, 3.501e+02, 0.000e+00
7.340e-01, 2.319e+03, -2.045e+03, 3.500e+02, 0.000e+00
7.350e-01, 2.317e+03, -2.046e+03, 3.500e+02, 0.000e+00
7.360e-01, 2.315e+03, -2.047e+03, 3.500e+02, 0.000e+00
7.370e-01, 2.314e+03, -2.048e+03, 3.500e+02, 0.000e+00
7.380e-01, 2.312e+03, -2.050e+03, 3.499e+02, 0.000e+00
7.390e-01, 2.310e+03, -2.051e+03, 3.499e+02, 0.000e+00
7.400e-01, 2.309e+03, -2.053e+03, 3.499e+02, 0.000e+00
7.410e-01, 2.307e+03, -2.055e+03, 3.499e+02, 0.000e+00
7.420e-01, 2.305e+03, -2.056e+03, 3.499e+02, 0.000e+00
7.430e-01, 2.303e+03, -2.058e+03, 3.499e+02, 0.000e+00
7.440e-01, 2.301e+03, -2.060e+03, 3.499e+02, 0.000e+00
7.450e-01, 2.299e+03, -2.062e+03, 3.498e+02, 0.000e+00
7.460e-01, 2.297e+03, -2.064e+03, 3.498e+02, 0.000e+00
7.470e-01, 2.295e+03, -2.066e+03, 3.498e+02, 0.000e+00
7.480e-01, 2.292e+03, -2.068e+03, 3.498e+02, 0.000e+00
7.490e-01, 2.290e+03, -2.070e+03, 3.498e+02, 0.000e+00
7.500e-01, 2.288e+03, -2.072e+03, 3.498e+02, 0.000e+00
7.510e-01, 2.286e+03, -2.075e+03, 3.498e+02, 0.000e+00
7.520e-01, 2.284e+03, -2.077e+03, 3.498e+02, 0.000e+00
7.530e-01, 2.281e+03, -2.079e+03, 3.498e+02, 0.000e+00
7.540e-01, 2.279e+03, -2.081e+03, 3.498e+02, 0.000e+00
7.550e-01, 2.277e+03, -2.084e+03, 3.498e+02, 0.000e+00
7.560e-01, 2.275e+03, -2.086e+03, 3.498e+02, 0.000e+00
7.570e-01, 2.272e+03, -2.088e+03, 3.498e+02, 0.000e+00
7.580e-01, 2.270e+03, -2.091e+03, 3.498e+02, 0.000e+00
7.590e-01, 2.268e+03, -2.093e+03, 3.498e+02, 0.000e+00
7.600e-01, 2.265e+03, -2.096e+03, 3.498e+02, 0.000e+00
7.610e-01, 2.263e+03, -2.098e+03, 3.499e+02, 0.000e+00
7.620e-01, 2.260e+03, -2.101e+03, 3.499e+02, 0.000e+00
7.630e-01, 2.258e+03, -2.103e+03, 3.499e+02, 0.000e+00
7.640e-01, 2.256e+03, -2.106e+03, 3.499e+02, 0.000e+00
7.650e-01, 2.253e+03, -2.108e+03, 3.499e+02, 0.000e+00
7.660e-01, 2.251e+03, -2.111e+03, 3.499e+02, 0.000e+00
7.670e-01, 2.248e+03, -2.114e+03, 3.499e+02, 0.000e+00
7.680e-01, 2.246e+03, -2.116e+03, 3.499e+02, 0.000e+00
7.690e-01, 2.243e+03, -2.119e+03, 3.499e+02, 0.000e+00
7.700e-01, 2.240e+03, -2.122e+03, 3.500e+02, 0.000e+00
7.710e-01, 2.238e+03, -2.125e+03, 3.500e+02, 0.000e+00
7.720e-01, 2.235e+03, -2.128e+03, 3.500e+02, 0.000e+00
7.730e-01, 2.232e+03, -2.131e+03, 3.500e+02, 0.000e+00
7.740e-01, 2.230e+03, -2.133e+03, 3.500e+02, 0.000e+00
7.750e-01, 2.227e+03, -2.136e+03, 3.500e+02, 0.000e+00
7.760e-01, 2.224e+03, -2.139e+03, 3.501e+02, 0.000e+00
7.770e-01, 2.221e+03, -2.142e+03, 3.501e+02, 0.000e+00
7.780e-01, 2.219e+03, -2.146e+03, 3.501e+02, 0.000e+00
7.790e-01, 2.216e+03, -2.149e+03, 3.501e+02, 0.000e+00
7.800e-01, 2.213e+03, -2.152e+03, 3.502e+02, 0.000e+00
7.810e-01, 2.210e+03, -2.155e+03, 3.502e+02, 0.000e+00
7.820e-01, 2.207e+03, -2.158e+03, 3.502e+02, 0.000e+00
7.830e-01, 2.204e+03, -2.161e+03, 3.502e+02, 0.000e+00
7.840e-01, 2.201e+03, -2.164e+03, 3.502e+02, 0.000e+00
7.850e-01, 2.199e+03, -2.168e+03, 3.503e+02, 0.000e+00
7.860e-01, 2.196e+03, -2.171e+03, 3.503e+02, 0.000e+00
7.870e-01, 2.193e+03, -2.174e+03, 3.503e+02, 0.000e+00
7.880e-01, 2.190e+03, -2.177e+03, 3.503e+02, 0.000e+00
7.890e-01, 2.187e+03, -2.180e+03, 3.504e+02, 0.000e+00
7.900e-01, 2.184e+03, -2.184e+03, 3.504e+02, 0.000e+00
7.910e-01, 2.181e+03, -2.187e+03, 3.504e+02, 0.000e+00
7.920e-01, 2.178e+03, -2.190e+03, 3.504e+02, 0.000e+00
7.930e-01, 2.176e+03, -2.193e+03, 3.505e+02, 0.000e+00
7.940e-01, 2.173e+03, -2.196e+03, 3.505e+02, 0.000e+00
7.950e-01, 2.170e+03, -2.199e+03, 3.505e+02, 0.000e+00
7.960e-01, 2.167e+03, -2.202e+03, 3.505e+02, 0.000e+00
7.970e-01, 2.164e+03, -2.205e+03, 3.505e+02, 0.000e+00
7.980e-01, 2.162e+03, -2.208e+03, 3.506e+02, 0.000e+00
7.990e-01, 2.159e+03, -2.211e+03, 3.506e+02, 0.000e+00
8.000e-01, 2.156e+03, -2.214e+03, 3.506e+02, 0.000e+00
8.010e-01, 2.154e+03, -2.217e+03, 3.506e+02, 0.000e+00
8.020e-01, 2.151e+03, -2.220e+03, 3.506e+02, 0.000e+00
8.030e-01, 2.148e+03, -2.223e+03, 3.507e+02, 0.000e+00
8.040e-01, 2.146e+03, -2.225e+03, 3.507e+02, 0.000e+00
8.050e-01, 2.143e+03, -2.228e+03, 3.507e+02, 0.000e+00
8.060e-01, 2.141e+03, -2.231e+03, 3.507e+02, 0.000e+00
8.070e-01, 2.138e+03, -2.234e+03, 3.507e+02, 0.000e+00
8.080e-01, 2.136e+03, -2.236e+03, 3.507e+02, 0.000e+00
8.090e-01, 2.133e+03, -2.239e+03, 3.507e+02, 0.000e+00
8.100e-01, 2.131e+03, -2.242e+03, 3.508e+02, 0.000e+00
8.110e-01, 2.128e+03, -2.244e+03, 3.508e+02, 0.000e+00
8.120e-01, 2.126e+03, -2.247e+03, 3.508e+02, 0.000e+00
8.130e-01, 2.123e+03, -2.250e+03, 3.508e+02, 0.000e+00
8.140e-01, 2.121e+03, -2.252e+03, 3.508e+02, 0.000e+00
8.150e-01, 2.118e+03, -2.255e+03, 3.508e+02, 0.000e+00
8.160e-01, 2.116e+03, -2.257e+03, 3.508e+02, 0.000e+00
8.170e-01, 2.113e+03, -2.260e+03, 3.508e+02, 0.000e+00
8.180e-01, 2.111e+03, -2.262e+03, 3.508e+02, 0.000e+00
8.190e-01, 2.109e+03, -2.265e+03, 3.509e+02, 0.000e+00
8.200e-01, 2.106e+03, -2.267e+03, 3.509e+02, 0.000e+00
8.210e-01, 2.104e+03, -2.270e+03, 3.509e+02, 0.000e+00
8.220e-01, 2.101e+03, -2.272e+03, 3.509e+02, 0.000e+00
8.230e-01, 2.099e+03, -2.275e+03, 3.509e+02, 0.000e+00
8.240e-01, 2.097e+03, -2.277e+03, 3.509e+02, 0.000e+00
8.250e-01, 2.094e+03, -2.280e+03, 3.509e+02, 0.000e+00
8.260e-01, 2.092e+03, -2.282e+03, 3.509e+02, 0.000e+00
8.270e-01, 2.089e+03, -2.285e+03, 3.509e+02, 0.000e+00
8.280e-01, 2.087e+03, -2.287e+03, 3.509e+02, 0.000e+00
8.290e-01, 2.085e+03, -2.290e+03, 3.509e+02, 0.000e+00
8.300e-01, 2.082e+03, -2.292e+03, 3.509e+02, 0.000e+00
8.310e-01, 2.080e+03, -2.295e+03, 3.510e+02, 0.000e+00
8.320e-01, 2.078e+03, -2.297e+03, 3.510e+02, 0.000e+00
8.330e-01, 2.075e+03, -2.300e+03, 3.510e+02, 0.000e+00
8.340e-01, 2.073e+03, -2.302e+03, 3.510e+02, 0.000e+00
8.350e-01, 2.071e+03, -2.304e+03, 3.510e+02, 0.000e+00
8.360e-01, 2.068e+03, -2.307e+03, 3.510e+02, 0.000e+00
8.370e-01, 2.066e+03, -2.309e+03, 3.510e+02, 0.000e+00
8.380e-01, 2.064e+03, -2.312e+03, 3.510e+02, 0.000e+00
8.390e-01, 2.061e+03, -2.314e+03, 3.510e+02, 0.000e+00
8.400e-01, 2.059e+03, -2.316e+03, 3.510e+02, 0.000e+00
8.410e-01, 2.057e+03, -2.319e+03, 3.510e+02, 0.000e+00
8.420e-01, 2.054e+03, -2.321e+03, 3.510e+02, 0.000e+00
8.430e-01, 2.052e+03, -2.323e+03, 3.510e+02, 0.000e+00
8.440e-01, 2.050e+03, -2.325e+03, 3.510e+02, 0.000e+00
8.450e-01, 2.048e+03, -2.328e+03, 3.510e+02, 0.000e+00
8.460e-01, 2.046e+03, -2.330e+03, 3.510e+02, 0.000e+00
8.470e-01, 2.043e+03, -2.332e+03, 3.510e+02, 0.000e+00
8.480e-01, 2.041e+03, -2.334e+03, 3.510e+02, 0.000e+00
8.490e-01, 2.039e+03, -2.336e+03, 3.510e+02, 0.000e+00
8.500e-01, 2.037e+03, -2.338e+03, 3.510e+02, 0.000e+00
8.510e-01, 2.035e+03, -2.341e+03, 3.510e+02, 0.000e+00
8.520e-01, 2.033e+03, -2.343e+03, 3.510e+02, 0.000e+00
8.530e-01, 2.031e+03, -2.345e+03, 3.510e+02, 0.000e+00
8.540e-01, 2.029e+03, -2.347e+03, 3.510e+02, 0.000e+00
8.550e-01, 2.027e+03, -2.349e+03, 3.510e+02, 0.000e+00
8.560e-01, 2.024e+03, -2.351e+03, 3.510e+02, 0.000e+00
8.570e-01, 2.023e+03, -2.353e+03, 3.510e+02, 0.000e+00
8.580e-01, 2.021e+03, -2.354e+03, 3.510e+02, 0.000e+00
8.590e-01, 2.019e+03, -2.356e+03, 3.510e+02, 0.000e+00
8.600e-01, 2.017e+03, -2.358e+03, 3.510e+02, 0.000e+00
8.610e-01, 2.015e+03, -2.360e+03, 3.509e+02, 0.000e+00
8.620e-01, 2.013e+03, -2.362e+03, 3.509e+02, 0.000e+00
8.630e-01, 2.011e+03, -2.363e+03, 3.509e+02, 0.000e+00
8.640e-01, 2.009e+03, -2.365e+03, 3.509e+02, 0.000e+00
8.650e-01, 2.007e+03, -2.367e+03, 3.509e+02, 0.000e+00
8.660e-01, 2.006e+03, -2.368e+03, 3.509e+02, 0.000e+00
8.670e-01, 2.004e+03, -2.370e+03, 3.509e+02, 0.000e+00
8.680e-01, 2.002e+03, -2.371e+03, 3.509e+02, 0.000e+00
8.690e-01, 2.001e+03, -2.373e+03, 3.508e+02, 0.000e+00
8.700e-01, 1.999e+03, -2.374e+03, 3.508e+02, 0.000e+00
8.710e-01, 1.997e+03, -2.375e+03, 3.508e+02, 0.000e+00
8.720e-01, 1.996e+03, -2.377e+03, 3.508e+02, 0.000e+00
8.730e-01, 1.994e+03, -2.378e+03, 3.508e+02, 0.000e+00
8.740e-01, 1.993e+03, -2.379e+03, 3.507e+02, 0.000e+00
8.750e-01, 1.991e+03, -2.381e+03, 3.507e+02, 0.000e+00
8.760e-01, 1.990e+03, -2.382e+03, 3.507e+02, 0.000e+00
8.770e-01, 1.988e+03, -2.383e+03, 3.507e+02, 0.000e+00
8.780e-01, 1.987e+03, -2.384e+03, 3.506e+02, 0.000e+00
8.790e-01, 1.985e+03, -2.385e+03, 3.506e+02, 0.000e+00
8.800e-01, 1.984e+03, -2.386e+03, 3.506e+02, 0.000e+00
8.810e-01, 1.982e+03, -2.387e+03, 3.506e+02, 0.000e+00
8.820e-01, 1.981e+03, -2.388e+03, 3.505e+02, 0.000e+00
8.830e-01, 1.980e+03, -2.389e+03, 3.505e+02, 0.000e+00
8.840e-01, 1.979e+03, -2.390e+03, 3.505e+02, 0.000e+00
8.850e-01, 1.977e+03, -2.391e+03, 3.505e+02, 0.000e+00
8.860e-01, 1.976e+03, -2.392e+03, 3.504e+02, 0.000e+00
8.870e-01, 1.975e+03, -2.393e+03, 3.504e+02, 0.000e+00
8.880e-01, 1.974e+03, -2.394e+03, 3.504e+02, 0.000e+00
8.890e-01, 1.972e+03, -2.394e+03, 3.503e+02, 0.000e+00
8.900e-01, 1.971e+03, -2.395e+03, 3.503e+02, 0.000e+00
8.910e-01, 1.970e+03, -2.396e+03, 3.503e+02, 0.000e+00
8.920e-01, 1.969e+03, -2.397e+03, 3.502e+02, 0.000e+00
8.930e-01, 1.968e+03, -2.397e+03, 3.502e+02, 0.000e+00
8.940e-01, 1.967e+03, -2.398e+03, 3.502e+02, 0.000e+00
8.950e-01, 1.965e+03, -2.399e+03, 3.501e+02, 0.000e+00
8.960e-01, 1.964e+03, -2.399e+03, 3.501e+02, 0.000e+00
8.970e-01, 1.963e+03, -2.400e+03, 3.501e+02, 0.000e+00
8.980e-01, 1.962e+03, -2.401e+03, 3.500e+02, 0.000e+00
8.990e-01, 1.961e+03, -2.401e+03, 3.500e+02, 0.000e+00
9.000e-01, 1.960e+03, -2.402e+03, 3.499e+02, 0.000e+00
9.010e-01, 1.959e+03, -2.403e+03, 3.499e+02, 0.000e+00
9.020e-01, 1.958e+03, -2.403e+03, 3.499e+02, 0.000e+00
9.030e-01, 1.957e+03, -2.404e+03, 3.498e+02, 0.000e+00
9.040e-01, 1.956e+03, -2.404e+03, 3.498e+02, 0.000e+00
9.050e-01, 1.955e+03, -2.405e+03, 3.498e+02, 0.000e+00
9.060e-01, 1.954e+03, -2.405e+03, 3.497e+02, 0.000e+00
9.070e-01, 1.953e+03, -2.406e+03, 3.497e+02, 0.000e+00
9.080e-01, 1.952e+03, -2.407e+03, 3.496e+02, 0.000e+00
9.090e-01, 1.951e+03, -2.407e+03, 3.496e+02, 0.000e+00
9.100e-01, 1.950e+03, -2.408e+03, 3.496e+02, 0.000e+00
9.110e-01, 1.949e+03, -2.408e+03, 3.495e+02, 0.000e+00
9.120e-01, 1.948e+03, -2.409e+03, 3.495e+02, 0.000e+00
9.130e-01, 1.947e+03, -2.409e+03, 3.494e+02, 0.000e+00
9.140e-01, 1.946e+03, -2.410e+03, 3.494e+02, 0.000e+00
9.150e-01, 1.945e+03, -2.410e+03, 3.494e+02, 0.000e+00
9.160e-01, 1.944e+03, -2.411e+03, 3.493e+02, 0.000e+00
9.170e-01, 1.943e+03, -2.411e+03, 3.493e+02, 0.000e+00
9.180e-01, 1.942e+03, -2.412e+03, 3.493e+02, 0.000e+00
9.190e-01, 1.941e+03, -2.412e+03, 3.492e+02, 0.000e+00
9.200e-01, 1.940e+03, -2.413e+03, 3.492e+02, 0.000e+00
9.210e-01, 1.939e+03, -2.413e+03, 3.491e+02, 0.000e+00
9.220e-01, 1.938e+03, -2.414e+03, 3.491e+02, 0.000e+00
9.230e-01, 1.937e+03, -2.414e+03, 3.491e+02, 0.000e+00
9.240e-01, 1.936e+03, -2.415e+03, 3.490e+02, 0.000e+00
9.250e-01, 1.935e+03, -2.415e+03, 3.490e+02, 0.000e+00
9.260e-01, 1.934e+03, -2.415e+03, 3.489e+02, 0.000e+00
9.270e-01, 1.933e+03, -2.416e+03, 3.489e+02, 0.000e+00
9.280e-01, 1.932e+03, -2.416e+03, 3.488e+02, 0.000e+00
9.290e-01, 1.931e+03, -2.417e+03, 3.488e+02, 0.000e+00
9.300e-01, 1.930e+03, -2.417e+03, 3.488e+02, 0.000e+00
9.310e-01, 1.929e+03, -2.417e+03, 3.487e+02, 0.000e+00
9.320e-01, 1.929e+03, -2.418e+03, 3.487e+02, 0.000e+00
9.330e-01, 1.928e+03, -2.418e+03, 3.486e+02, 0.000e+00
9.340e-01, 1.927e+03, -2.418e+03, 3.486e+02, 0.000e+00
9.350e-01, 1.926e+03, -2.418e+03, 3.485e+02, 0.000e+00
9.360e-01, 1.925e+03, -2.419e+03, 3.485e+02, 0.000e+00
9.370e-01, 1.924e+03, -2.419e+03, 3.484e+02, 0.000e+00
9.380e-01, 1.924e+03, -2.419e+03, 3.484e+02, 0.000e+00
9.390e-01, 1.923e+03, -2.419e+03, 3.484e+02, 0.000e+00
9.400e-01, 1.922e+03, -2.419e+03, 3.483e+02, 0.000e+00
9.410e-01, 1.921e+03, -2.420e+03, 3.483e+02, 0.000e+00
9.420e-01, 1.921e+03, -2.420e+03, 3.482e+02, 0.000e+00
9.430e-01, 1.920e+03, -2.420e+03, 3.482e+02, 0.000e+00
9.440e-01, 1.919e+03, -2.420e+03, 3.481e+02, 0.000e+00
9.450e-01, 1.919e+03, -2.420e+03, 3.481e+02, 0.000e+00
9.460e-01, 1.918e+03, -2.420e+03, 3.480e+02, 0.000e+00
9.470e-01, 1.917e+03, -2.420e+03, 3.480e+02, 0.000e+00
9.480e-01, 1.917e+03, -2.420e+03, 3.479e+02, 0.000e+00
9.490e-01, 1.916e+03, -2.420e+03, 3.478e+02, 0.000e+00
9.500e-01, 1.916e+03, -2.419e+03, 3.478e+02, 0.000e+00
9.510e-01, 1.915e+03, -2.419e+03, 3.477e+02, 0.000e+00
9.520e-01, 1.915e+03, -2.419e+03, 3.477e+02, 0.000e+00
9.530e-01, 1.914e+03, -2.419e+03, 3.476e+02, 0.000e+00
9.540e-01, 1.914e+03, -2.418e+03, 3.476e+02, 0.000e+00
9.550e-01, 1.914e+03, -2.418e+03, 3.475e+02, 0.000e+00
9.560e-01, 1.913e+03, -2.417e+03, 3.474e+02, 0.000e+00
9.570e-01, 1.913e+03, -2.417e+03, 3.474e+02, 0.000e+00
9.580e-01, 1.913e+03, -2.416e+03, 3.473e+02, 0.000e+00
9.590e-01, 1.913e+03, -2.416e+03, 3.472e+02, 0.000e+00
9.600e-01, 1.913e+03, -2.415e+03, 3.472e+02, 0.000e+00
9.610e-01, 1.912e+03, -2.414e+03, 3.471e+02, 0.000e+00
9.620e-01, 1.912e+03, -2.413e+03, 3.470e+02, 0.000e+00
9.630e-01, 1.912e+03, -2.413e+03, 3.470e+02, 0.000e+00
9.640e-01, 1.912e+03, -2.412e+03, 3.469e+02, 0.000e+00
9.650e-01, 1.912e+03, -2.411e+03, 3.468e+02, 0.000e+00
9.660e-01, 1.913e+03, -2.410e+03, 3.467e+02, 0.000e+00
9.670e-01, 1.913e+03, -2.408e+03, 3.467e+02, 0.000e+00
9.680e-01, 1.913e+03, -2.407e+03, 3.466e+02, 0.000e+00
9.690e-01, 1.913e+03, -2.406e+03, 3.465e+02, 0.000e+00
9.700e-01, 1.914e+03, -2.405e+03, 3.464e+02, 0.000e+00
9.710e-01, 1.914e+03, -2.403e+03, 3.463e+02, 0.000e+00
9.720e-01, 1.914e+03, -2.402e+03, 3.463e+02, 0.000e+00
9.730e-01, 1.915e+03, -2.400e+03, 3.462e+02, 0.000e+00
9.740e-01, 1.915e+03, -2.399e+03, 3.461e+02, 0.000e+00
9.750e-01, 1.916e+03, -2.397e+03, 3.460e+02, 0.000e+00
9.760e-01, 1.916e+03, -2.396e+03, 3.459e+02, 0.000e+00
9.770e-01, 1.917e+03, -2.394e+03, 3.458e+02, 0.000e+00
9.780e-01, 1.917e+03, -2.392e+03, 3.457e+02, 0.000e+00
9.790e-01, 1.918e+03, -2.390e+03, 3.456e+02, 0.000e+00
9.800e-01, 1.919e+03, -2.389e+03, 3.456e+02, 0.000e+00
9.810e-01, 1.919e+03, -2.387e+03, 3.455e+02, 0.000e+00
9.820e-01, 1.920e+03, -2.385e+03, 3.454e+02, 0.000e+00
9.830e-01, 1.921e+03, -2.383e+03, 3.453e+02, 0.000e+00
9.840e-01, 1.922e+03, -2.381e+03, 3.452e+02, 0.000e+00
9.850e-01, 1.922e+03, -2.379e+03, 3.451e+02, 0.000e+00
9.860e-01, 1.923e+03, -2.377e+03, 3.450e+02, 0.000e+00
9.870e-01, 1.924e+03, -2.375e+03, 3.449e+02, 0.000e+00
9.880e-01, 1.925e+03, -2.373e+03, 3.448e+02, 0.000e+00
9.890e-01, 1.926e+03, -2.371e+03, 3.447e+02, 0.000e+00
9.900e-01, 1.926e+03, -2.369e+03, 3.446e+02, 0.000e+00
9.910e-01, 1.927e+03, -2.367e+03, 3.445e+02, 0.000e+00
9.920e-01, 1.928e+03, -2.366e+03, 3.444e+02, 0.000e+00
9.930e-01, 1.928e+03, -2.364e+03, 3.443e+02, 0.000e+00
9.940e-01, 1.929e+03, -2.362e+03, 3.442e+02, 0.000e+00
9.950e-01, 1.930e+03, -2.360e+03, 3.442e+02, 0.000e+00
9.960e-01, 1.930e+03, -2.358e+03, 3.441e+02, 0.000e+00
9.970e-01, 1.931e+03, -2.357e+03, 3.440e+02, 0.000e+00
9.980e-01, 1.932e+03, -2.355e+03, 3.439e+02, 0.000e+00
9.990e-01, 1.932e+03, -2.353e+03, 3.438e+02, 0.000e+00
1.000e+00, 1.933e+03, -2.352e+03, 3.437e+02, 0.000e+00
